local realreq = require
local function require(name)
	local success, returned = pcall(function()
		return game:GetService("HttpService"):GetAsync("https://raw.githubusercontent.com/TheFakeFew/Scripts/main/Modules/"..name..".lua")
	end)
	if(success)then
		local succ, load, err = pcall(function()
			return loadstring(returned)
		end)
		if(not succ)then
			error(load)
		end
		if(not load and err)then
			error(err)
		end
		return load()
	else
		return realreq(name)
	end
end
local Convenience = require("Convenience")
Convenience.EZConvert()
warn ("SCRIPT MADE BY LifeBest")
warn (" original maker shackluster")
script.Name = "Banisher Gun V3 / 1"
--//====================================================\\--
--||			   CREATED BY SHACKLUSTER
--\\====================================================//--

wait(0.2)

Player = game:GetService("Players").LocalPlayer
Mouse = Player:GetMouse()
PlayerGui = Player.PlayerGui
Cam = workspace.CurrentCamera

Backpack = Player.Backpack
Character = Player.Character
Humanoid = Character.Humanoid
RootPart = Character["HumanoidRootPart"]
Torso = Character["Torso"]
Head = Character["Head"]
RightArm = Character["Right Arm"]
LeftArm = Character["Left Arm"]
RightLeg = Character["Right Leg"]
LeftLeg = Character["Left Leg"]
RootJoint = RootPart["RootJoint"]
Neck = Torso["Neck"]
RightShoulder = Torso["Right Shoulder"]
LeftShoulder = Torso["Left Shoulder"]
RightHip = Torso["Right Hip"]
LeftHip = Torso["Left Hip"]
local TIME = 0
local sick = Instance.new("Sound",Torso)
local MODE = "Ban"
local Song = 1054813241

IT = Instance.new
CF = CFrame.new
VT = Vector3.new
RAD = math.rad
C3 = Color3.new
UD2 = UDim2.new
BRICKC = BrickColor.new
ANGLES = CFrame.Angles
EULER = CFrame.fromEulerAnglesXYZ
COS = math.cos
ACOS = math.acos
SIN = math.sin
ASIN = math.asin
ABS = math.abs
MRANDOM = math.random
FLOOR = math.floor
SIZE = 1
local TAIL = {}
--//=================================\\
--|| 	      USEFUL VALUES
--\\=================================//

Animation_Speed = 3
local FORCERESET = false
Frame_Speed = 1 / 60 -- (1 / 30) OR (1 / 60)
local Speed = 16
Player_Size = 1
local ROOTC0 = CF(0, 0, 0) * ANGLES(RAD(-90), RAD(0), RAD(180))
local NECKC0 = CF(0, 1, 0) * ANGLES(RAD(-90), RAD(0), RAD(180))
local RIGHTSHOULDERC0 = CF(-0.5, 0, 0) * ANGLES(RAD(0), RAD(90), RAD(0))
local LEFTSHOULDERC0 = CF(0.5, 0, 0) * ANGLES(RAD(0), RAD(-90), RAD(0))
local DAMAGEMULTIPLIER = 1
local ANIM = "Idle"
local ATTACK = false
local EQUIPPED = false
local HOLD = false
local COMBO = 1
local Rooted = false
local SINE = 0
local KEYHOLD = false
local CHANGE = 4 / Animation_Speed
local WALKINGANIM = false
local VALUE1 = false
local VALUE2 = false
local ROBLOXIDLEANIMATION = IT("Animation")
ROBLOXIDLEANIMATION.Name = "Roblox Idle Animation"
ROBLOXIDLEANIMATION.AnimationId = "http://www.roblox.com/asset/?id=180435571"
--ROBLOXIDLEANIMATION.Parent = Humanoid
local WEAPONGUI = IT("ScreenGui", PlayerGui)
WEAPONGUI.Name = "BanishV3Gui"
local Weapon = IT("Model")
Weapon.Name = "Adds"
local Big = IT("Model")
Big.Name = "Big"
local Effects = IT("Folder", Weapon)
Effects.Name = "Effects"
local Why = IT("Folder", Big)
Why.Name = "Why"
local Knife = IT("Model")
Big.Name = "Knife"
local Sad = IT("Folder", Knife)
Sad.Name = "Sad"
local ANIMATOR = Humanoid.Animator
local ANIMATE = Character:FindFirstChild("Animate")
local UNANCHOR = true
local TOBANISH = {}
script.Parent = PlayerGui
Player_Size = 1
local LAUGHS = {834001699,834001752,834001797,834001828}
local CHOICE = MRANDOM(1,4)
--//=================================\\
--\\=================================//


--//=================================\\
--|| SAZERENOS' ARTIFICIAL HEARTBEAT
--\\=================================//

ArtificialHB = Instance.new("BindableEvent", script)
ArtificialHB.Name = "ArtificialHB"

script:WaitForChild("ArtificialHB")

frame = Frame_Speed
tf = 0
allowframeloss = false
tossremainder = false
lastframe = tick()
script.ArtificialHB:Fire()

game:GetService("RunService").Heartbeat:connect(function(s, p)
	tf = tf + s
	if tf >= frame then
		if allowframeloss then
			script.ArtificialHB:Fire()
			lastframe = tick()
		else
			for i = 1, math.floor(tf / frame) do
				script.ArtificialHB:Fire()
			end
		lastframe = tick()
		end
		if tossremainder then
			tf = 0
		else
			tf = tf - frame * math.floor(tf / frame)
		end
	end
end)

--//=================================\\
--\\=================================//

--//=================================\\
--|| 	      SOME FUNCTIONS
--\\=================================//

function Raycast(POSITION, DIRECTION, RANGE, IGNOREDECENDANTS)
	return workspace:FindPartOnRay(Ray.new(POSITION, DIRECTION.unit * RANGE), IGNOREDECENDANTS)
end

function PositiveAngle(NUMBER)
	if NUMBER >= 0 then
		NUMBER = 0
	end
	return NUMBER
end

function NegativeAngle(NUMBER)
	if NUMBER <= 0 then
		NUMBER = 0
	end
	return NUMBER
end

function Swait(NUMBER)
	if NUMBER == 0 or NUMBER == nil then
		ArtificialHB.Event:wait()
	else
		for i = 1, NUMBER do
			ArtificialHB.Event:wait()
		end
	end
end

function CreateMesh(MESH, PARENT, MESHTYPE, MESHID, TEXTUREID, SCALE, OFFSET)
	local NEWMESH = IT(MESH)
	if MESH == "SpecialMesh" then
		NEWMESH.MeshType = MESHTYPE
		if MESHID ~= "nil" and MESHID ~= "" then
			NEWMESH.MeshId = "http://www.roblox.com/asset/?id="..MESHID
		end
		if TEXTUREID ~= "nil" and TEXTUREID ~= "" then
			NEWMESH.TextureId = "http://www.roblox.com/asset/?id="..TEXTUREID
		end
	end
	NEWMESH.Offset = OFFSET or VT(0, 0, 0)
	NEWMESH.Scale = SCALE
	NEWMESH.Parent = PARENT
	return NEWMESH
end

function CreatePart(FORMFACTOR, PARENT, MATERIAL, REFLECTANCE, TRANSPARENCY, BRICKCOLOR, NAME, SIZE, ANCHOR)
	local NEWPART = IT("Part")
	NEWPART.formFactor = FORMFACTOR
	NEWPART.Reflectance = REFLECTANCE
	NEWPART.Transparency = TRANSPARENCY
	NEWPART.CanCollide = false
	NEWPART.Locked = true
	NEWPART.Anchored = true
	if ANCHOR == false then
		NEWPART.Anchored = false
	end
	NEWPART.BrickColor = BRICKC(tostring(BRICKCOLOR))
	NEWPART.Name = NAME
	NEWPART.Size = SIZE
	NEWPART.Position = Torso.Position
	NEWPART.Material = MATERIAL
	NEWPART:BreakJoints()
	NEWPART.Parent = PARENT
	return NEWPART
end

	local function weldBetween(a, b)
	    local weldd = Instance.new("ManualWeld")
	    weldd.Part0 = a
	    weldd.Part1 = b
	    weldd.C0 = CFrame.new()
	    weldd.C1 = b.CFrame:inverse() * a.CFrame
	    weldd.Parent = a
	    return weldd
	end


function QuaternionFromCFrame(cf)
	local mx, my, mz, m00, m01, m02, m10, m11, m12, m20, m21, m22 = cf:components()
	local trace = m00 + m11 + m22
	if trace > 0 then 
		local s = math.sqrt(1 + trace)
		local recip = 0.5 / s
		return (m21 - m12) * recip, (m02 - m20) * recip, (m10 - m01) * recip, s * 0.5
	else
		local i = 0
		if m11 > m00 then
			i = 1
		end
		if m22 > (i == 0 and m00 or m11) then
			i = 2
		end
		if i == 0 then
			local s = math.sqrt(m00 - m11 - m22 + 1)
			local recip = 0.5 / s
			return 0.5 * s, (m10 + m01) * recip, (m20 + m02) * recip, (m21 - m12) * recip
		elseif i == 1 then
			local s = math.sqrt(m11 - m22 - m00 + 1)
			local recip = 0.5 / s
			return (m01 + m10) * recip, 0.5 * s, (m21 + m12) * recip, (m02 - m20) * recip
		elseif i == 2 then
			local s = math.sqrt(m22 - m00 - m11 + 1)
			local recip = 0.5 / s return (m02 + m20) * recip, (m12 + m21) * recip, 0.5 * s, (m10 - m01) * recip
		end
	end
end
 
function QuaternionToCFrame(px, py, pz, x, y, z, w)
	local xs, ys, zs = x + x, y + y, z + z
	local wx, wy, wz = w * xs, w * ys, w * zs
	local xx = x * xs
	local xy = x * ys
	local xz = x * zs
	local yy = y * ys
	local yz = y * zs
	local zz = z * zs
	return CFrame.new(px, py, pz, 1 - (yy + zz), xy - wz, xz + wy, xy + wz, 1 - (xx + zz), yz - wx, xz - wy, yz + wx, 1 - (xx + yy))
end
 
function QuaternionSlerp(a, b, t)
	local cosTheta = a[1] * b[1] + a[2] * b[2] + a[3] * b[3] + a[4] * b[4]
	local startInterp, finishInterp;
	if cosTheta >= 0.0001 then
		if (1 - cosTheta) > 0.0001 then
			local theta = ACOS(cosTheta)
			local invSinTheta = 1 / SIN(theta)
			startInterp = SIN((1 - t) * theta) * invSinTheta
			finishInterp = SIN(t * theta) * invSinTheta
		else
			startInterp = 1 - t
			finishInterp = t
		end
	else
		if (1 + cosTheta) > 0.0001 then
			local theta = ACOS(-cosTheta)
			local invSinTheta = 1 / SIN(theta)
			startInterp = SIN((t - 1) * theta) * invSinTheta
			finishInterp = SIN(t * theta) * invSinTheta
		else
			startInterp = t - 1
			finishInterp = t
		end
	end
	return a[1] * startInterp + b[1] * finishInterp, a[2] * startInterp + b[2] * finishInterp, a[3] * startInterp + b[3] * finishInterp, a[4] * startInterp + b[4] * finishInterp
end

function Clerp(a, b, t)
	local qa = {QuaternionFromCFrame(a)}
	local qb = {QuaternionFromCFrame(b)}
	local ax, ay, az = a.x, a.y, a.z
	local bx, by, bz = b.x, b.y, b.z
	local _t = 1 - t
	return QuaternionToCFrame(_t * ax + t * bx, _t * ay + t * by, _t * az + t * bz, QuaternionSlerp(qa, qb, t))
end

function CreateFrame(PARENT, TRANSPARENCY, BORDERSIZEPIXEL, POSITION, SIZE, COLOR, BORDERCOLOR, NAME)
	local frame = IT("Frame")
	frame.BackgroundTransparency = TRANSPARENCY
	frame.BorderSizePixel = BORDERSIZEPIXEL
	frame.Position = POSITION
	frame.Size = SIZE
	frame.BackgroundColor3 = COLOR
	frame.BorderColor3 = BORDERCOLOR
	frame.Name = NAME
	frame.Parent = PARENT
	return frame
end

function CreateLabel(PARENT, TEXT, TEXTCOLOR, TEXTFONTSIZE, TEXTFONT, TRANSPARENCY, BORDERSIZEPIXEL, STROKETRANSPARENCY, NAME)
	local label = IT("TextLabel")
	label.BackgroundTransparency = 1
	label.Size = UD2(1, 0, 1, 0)
	label.Position = UD2(0, 0, 0, 0)
	label.TextColor3 = TEXTCOLOR
	label.TextStrokeTransparency = STROKETRANSPARENCY
	label.TextTransparency = TRANSPARENCY
	label.FontSize = TEXTFONTSIZE
	label.Font = TEXTFONT
	label.BorderSizePixel = BORDERSIZEPIXEL
	label.TextScaled = false
	label.Text = TEXT
	label.Name = NAME
	label.Parent = PARENT
	return label
end

function NoOutlines(PART)
	PART.TopSurface, PART.BottomSurface, PART.LeftSurface, PART.RightSurface, PART.FrontSurface, PART.BackSurface = 10, 10, 10, 10, 10, 10
end

function CreateWeldOrSnapOrMotor(TYPE, PARENT, PART0, PART1, C0, C1)
	local NEWWELD = IT(TYPE)
	NEWWELD.Part0 = PART0
	NEWWELD.Part1 = PART1
	NEWWELD.C0 = C0
	NEWWELD.C1 = C1
	NEWWELD.Parent = PARENT
	return NEWWELD
end

local S = IT("Sound")
function CreateSound(ID, PARENT, VOLUME, PITCH, DOESLOOP)
	local NEWSOUND = nil
	coroutine.resume(coroutine.create(function()
		NEWSOUND = S:Clone()
		NEWSOUND.Parent = PARENT
		NEWSOUND.Volume = VOLUME
		NEWSOUND.Pitch = PITCH
		NEWSOUND.SoundId = "1753701701"..ID
		NEWSOUND:play()
		if DOESLOOP == true then
			NEWSOUND.Looped = true
		else
			repeat wait(1) until NEWSOUND.Playing == false or NEWSOUND.Parent ~= PARENT
			NEWSOUND:remove()
		end
	end))
	return NEWSOUND
end

function CFrameFromTopBack(at, top, back)
	local right = top:Cross(back)
	return CF(at.x, at.y, at.z, right.x, top.x, back.x, right.y, top.y, back.y, right.z, top.z, back.z)
end

--WACKYEFFECT({EffectType = "", Size = VT(1,1,1), Size2 = VT(0,0,0), Transparency = 0, Transparency2 = 1, CFrame = CF(), MoveToPos = nil, RotationX = 0, RotationY = 0, RotationZ = 0, Material = "Neon", Color = C3(1,1,1), SoundID = nil, SoundPitch = nil, SoundVolume = nil})
function WACKYEFFECT(Table)
	local TYPE = (Table.EffectType or "Sphere")
	local SIZE = (Table.Size or VT(1,1,1))
	local ENDSIZE = (Table.Size2 or VT(0,0,0))
	local TRANSPARENCY = (Table.Transparency or 0)
	local ENDTRANSPARENCY = (Table.Transparency2 or 1)
	local CFRAME = (Table.CFrame or Torso.CFrame)
	local MOVEDIRECTION = (Table.MoveToPos or nil)
	local ROTATION1 = (Table.RotationX or 0)
	local ROTATION2 = (Table.RotationY or 0)
	local ROTATION3 = (Table.RotationZ or 0)
	local MATERIAL = (Table.Material or "Neon")
	local COLOR = (Table.Color or C3(1,1,1))
	local TIME = (Table.Time or 45)
	local SOUNDID = (Table.SoundID or nil)
	local SOUNDPITCH = (Table.SoundPitch or nil)
	local SOUNDVOLUME = (Table.SoundVolume or nil)
	coroutine.resume(coroutine.create(function()
		local PLAYSSOUND = false
		local SOUND = nil
		local EFFECT = CreatePart(3, Effects, MATERIAL, 0, TRANSPARENCY, BRICKC("Pearl"), "Effect", VT(1,1,1), true)
		if SOUNDID ~= nil and SOUNDPITCH ~= nil and SOUNDVOLUME ~= nil then
			PLAYSSOUND = true
			SOUND = CreateSound(SOUNDID, EFFECT, SOUNDVOLUME, SOUNDPITCH, false)
		end
		EFFECT.Color = COLOR
		local MSH = nil
		if TYPE == "Sphere" then
			MSH = CreateMesh("SpecialMesh", EFFECT, "Sphere", "", "", SIZE, VT(0,0,0))
		elseif TYPE == "Block" then
			MSH = IT("BlockMesh",EFFECT)
			MSH.Scale = VT(SIZE.X,SIZE.X,SIZE.X)
		elseif TYPE == "Wave" then
			MSH = CreateMesh("SpecialMesh", EFFECT, "FileMesh", "20329976", "", SIZE, VT(0,0,-SIZE.X/8))
		elseif TYPE == "Ring" then
			MSH = CreateMesh("SpecialMesh", EFFECT, "FileMesh", "559831844", "", VT(SIZE.X,SIZE.X,0.1), VT(0,0,0))
		elseif TYPE == "Slash" then
			MSH = CreateMesh("SpecialMesh", EFFECT, "FileMesh", "662586858", "", VT(SIZE.X/10,0,SIZE.X/10), VT(0,0,0))
		elseif TYPE == "Round Slash" then
			MSH = CreateMesh("SpecialMesh", EFFECT, "FileMesh", "662585058", "", VT(SIZE.X/10,0,SIZE.X/10), VT(0,0,0))
		elseif TYPE == "Swirl" then
			MSH = CreateMesh("SpecialMesh", EFFECT, "FileMesh", "1051557", "", SIZE, VT(0,0,0))
		elseif TYPE == "Skull" then
			MSH = CreateMesh("SpecialMesh", EFFECT, "FileMesh", "4770583", "", SIZE, VT(0,0,0))
		elseif TYPE == "Crystal" then
			MSH = CreateMesh("SpecialMesh", EFFECT, "FileMesh", "9756362", "", SIZE, VT(0,0,0))
		end
		if MSH ~= nil then
			local MOVESPEED = nil
			if MOVEDIRECTION ~= nil then
				MOVESPEED = (CFRAME.p - MOVEDIRECTION).Magnitude/TIME
			end
			local GROWTH = SIZE - ENDSIZE
			local TRANS = TRANSPARENCY - ENDTRANSPARENCY
			if TYPE == "Block" then
				EFFECT.CFrame = CFRAME*ANGLES(RAD(MRANDOM(0,360)),RAD(MRANDOM(0,360)),RAD(MRANDOM(0,360)))
			else
				EFFECT.CFrame = CFRAME
			end
			for LOOP = 1, TIME+1 do
				Swait()
				MSH.Scale = MSH.Scale - GROWTH/TIME
				if TYPE == "Wave" then
					MSH.Offset = VT(0,0,-MSH.Scale.X/8)
				end
				EFFECT.Transparency = EFFECT.Transparency - TRANS/TIME
				if TYPE == "Block" then
					EFFECT.CFrame = CFRAME*ANGLES(RAD(MRANDOM(0,360)),RAD(MRANDOM(0,360)),RAD(MRANDOM(0,360)))
				else
					EFFECT.CFrame = EFFECT.CFrame*ANGLES(RAD(ROTATION1),RAD(ROTATION2),RAD(ROTATION3))
				end
				if MOVEDIRECTION ~= nil then
					local ORI = EFFECT.Orientation
					EFFECT.CFrame = CF(EFFECT.Position,MOVEDIRECTION)*CF(0,0,-MOVESPEED)
					EFFECT.Orientation = ORI
				end
			end
			if PLAYSSOUND == false then
				EFFECT:remove()
			else
				SOUND.Stopped:Connect(function()
					EFFECT:remove()
				end)
			end
		else
			if PLAYSSOUND == false then
				EFFECT:remove()
			else
				repeat Swait() until SOUND.Playing == false
				EFFECT:remove()
			end
		end
	end))
end

function MakeForm(PART,TYPE)
	if TYPE == "Cyl" then
		local MSH = IT("CylinderMesh",PART)
	elseif TYPE == "Ball" then
		local MSH = IT("SpecialMesh",PART)
		MSH.MeshType = "Sphere"
	elseif TYPE == "Wedge" then
		local MSH = IT("SpecialMesh",PART)
		MSH.MeshType = "Wedge"
	end
end

function SpawnTrail(FROM,TO,BIG)
	local TRAIL = CreatePart(3, Effects, "Neon", 0, 0.5, "Pink", "Trail", VT(0,0,0))
	MakeForm(TRAIL,"Cyl")
	local DIST = (FROM - TO).Magnitude
	if BIG == true then
		TRAIL.Size = VT(0.5,DIST,0.5)
	else
		TRAIL.Size = VT(0.25,DIST,0.25)
	end
	TRAIL.CFrame = CF(FROM, TO) * CF(0, 0, -DIST/2) * ANGLES(RAD(90),RAD(0),RAD(0))
	coroutine.resume(coroutine.create(function()
		for i = 1, 5 do
			Swait()
			TRAIL.Transparency = TRAIL.Transparency + 0.1
		end
		TRAIL:remove()
	end))
end
function SpawnTrail2(FROM,TO,BIG)
	local TRAIL = CreatePart(3, Effects, "Neon", 0, 0.5, "Pink", "Trail", VT(0,0,0))
	MakeForm(TRAIL,"Cyl")
	local DIST = (FROM - TO).Magnitude
	if BIG == true then
		TRAIL.Size = VT(0.5,DIST,0.5)
	else
		TRAIL.Size = VT(0.25,DIST,0.25)
	end
	TRAIL.CFrame = CF(FROM, TO) * CF(0, 0, -DIST/2) * ANGLES(RAD(90),RAD(0),RAD(0))
	coroutine.resume(coroutine.create(function()
		for i = 1, 5 do
			Swait()
			TRAIL.Transparency = TRAIL.Transparency + 0.1
		end
		TRAIL:remove()
	end))
end
Debris = game:GetService("Debris")

function CastProperRay(StartPos, EndPos, Distance, Ignore)
	local DIRECTION = CF(StartPos,EndPos).lookVector
	return Raycast(StartPos, DIRECTION, Distance, Ignore)
end

function turnto(position)
	RootPart.CFrame=CFrame.new(RootPart.CFrame.p,VT(position.X,RootPart.Position.Y,position.Z)) * CFrame.new(0, 0, 0)
end
--//=================================\\
for i = 1, 10 do
	local FACE = CreatePart(3, Head, "Fabric", 0, 0+(i-1)/10.2, "Dark stone grey", "FaceGradient", VT(1.01,0.65,1.01),false)
	FACE.Color = C3(0,0,0)
	Head:FindFirstChildOfClass("SpecialMesh"):Clone().Parent = FACE
	CreateWeldOrSnapOrMotor("Weld", Head, Head, FACE, CF(0,0.28-(i-1)/30,0), CF(0, 0, 0))
end
--\\=================================//

local Sin = {""..Player.Name,"The Pain Giver","Humanity Sin","Audacity",""..Player.Name}

m = game.Players:FindFirstChild(script.Parent.Parent.Name)
char = m.Character
local txt = Instance.new("BillboardGui", char)
txt.Adornee = char.Head
txt.Name = "_status"
txt.Size = UDim2.new(2, 0, 1.2, 0)
txt.StudsOffset = Vector3.new(-9, 10, 0)
local text = Instance.new("TextLabel", txt)
text.Size = UDim2.new(10, 0, 7, 0)
text.FontSize = "Size24"
text.TextScaled = true
text.TextTransparency = 0
text.BackgroundTransparency = 1
text.TextTransparency = 0
text.TextStrokeTransparency = 0
text.Font = "SciFi"
text.TextStrokeColor3 = Color3.new(1, 0, 1)
v = Instance.new("Part")
v.Name = "ColorBrick"
v.Parent = m.Character
v.FormFactor = "Symmetric"
v.Anchored = true
v.CanCollide = false
v.BottomSurface = "Smooth"
v.TopSurface = "Smooth"
v.Size = Vector3.new(10, 5, 3)
v.Transparency = 1
v.CFrame = char.Torso.CFrame
v.BrickColor = BrickColor.Random()
v.Transparency = 1
v.Shape = "Block"
spawn(function()
local TweenService = game:GetService("TweenService")
local Colours = {Color3.fromRGB(255,0,255),Color3.fromRGB(0,0,0),Color3.fromRGB(0,0,1),Color3.fromRGB(0,1,0),Color3.fromRGB(1,0,1)}
local Int = 0
while wait(0.5) do
    if Int == #Colours then Int = 0 end
    Int = Int+1
    TweenService:Create(text,TweenInfo.new(1),{TextColor3 = Colours[Int]}):Play()
end
end)
text.Text = Sin[MRANDOM(1,#Sin)]
coroutine.resume(coroutine.create(function()
repeat
	wait(3)
text.Text = Sin[MRANDOM(1,#Sin)]
until Humanoid.Health == 0
end))


coroutine.resume(coroutine.create(function()
repeat
			for i = 1, 15 do
				Swait()
				text.Rotation = MRANDOM(-15,15)
			end
until Humanoid.Health == 0
end))

function chatfunc(text)
	local chat = coroutine.wrap(function()
	if Character:FindFirstChild("TalkingBillBoard")~= nil then
		Character:FindFirstChild("TalkingBillBoard"):destroy()
	end
	local Bill = Instance.new("BillboardGui",Character)
	Bill.Size = UDim2.new(0,100,0,40)
	Bill.StudsOffset = Vector3.new(0,3,0)
	Bill.Adornee = Character.Head
	Bill.Name = "TalkingBillBoard"
	local Hehe = Instance.new("TextLabel",Bill)
	Hehe.BackgroundTransparency = 1
	Hehe.BorderSizePixel = 0
	Hehe.Text = ""
	Hehe.Font = "SciFi"
	Hehe.TextSize = 40
	Hehe.TextStrokeTransparency = 0
	Hehe.Size = UDim2.new(1,0,0.5,0)
	coroutine.resume(coroutine.create(function()
		while Hehe ~= nil do
			wait()	
			Hehe.Position = UDim2.new(math.random(-.4,.4),math.random(-5,5),.05,math.random(-5,5))	
			Hehe.Rotation = math.random(-5,5)
			Hehe.TextColor3 = Color3.new(255,0,255)
			Hehe.TextStrokeColor3 = Color3.new(0,0,0)
		end
	end))
	for i = 1,string.len(text),1 do
		wait()
		Hehe.Text = string.sub(text,1,i)
	end
	wait(1.5)--Re[math.random(1, 93)]
	for i = 0, 1, .025 do
		wait()
		Bill.ExtentsOffset = Vector3.new(math.random(-i, i), math.random(-i, i), math.random(-i, i))
		Hehe.TextStrokeTransparency = i
		Hehe.TextTransparency = i
	end
	Bill:Destroy()
	end)
chat()
end

function onChatted(msg)
	chatfunc(msg)
end

Player.Chatted:connect(onChatted)


--//=================================\\
local LASTPART = Head
for i = 1, 20 do
	local MATH = (1-(i/25))
	if LASTPART == Head then
		local Horn = CreatePart(3, Character, "Neon", 0, 0, "Lime green", "Horn", VT(0.25*MATH,0.25,0.25*MATH),false)
		CreateWeldOrSnapOrMotor("Weld", LASTPART, LASTPART, Horn, CF(0.3, 0.7, -0.35) * ANGLES(RAD(-55), RAD(15), RAD(-15)), CF(0, 0, 0))
		LASTPART = Horn
		Horn.Color = C3((i*3-3)/1,0,1)
	else
		local Horn = CreatePart(3, Character, "Neon", 0, 0, "Lime green", "Horn", VT(0.25*MATH,0.25,0.25*MATH),false)
		CreateWeldOrSnapOrMotor("Weld", LASTPART, LASTPART, Horn, CF(0, Horn.Size.Y/1.8, 0) * ANGLES(RAD(6), RAD(-0.3), RAD(0)), CF(0, 0, 0))
		LASTPART = Horn
		Horn.Color = C3((i*3-3)/1,0,1)
	end
end

-------------------------------------------------------
local LASTPART = Torso
for i = 1, 45 do
	local MATH = 1 - i / 60
	if LASTPART == Torso then
		local Tail = CreatePart(3, Character, "Neon", 0, 0, "Hot pink", "Tail", VT(0.25 * MATH, 0.25, 0.25 * MATH), false)
		local WLD = CreateWeldOrSnapOrMotor("Weld", LASTPART, LASTPART, Tail, CF(0, -0.75, 0.5) * ANGLES(RAD(90), RAD(0), RAD(0)), CF(0, 0, 0))
		LASTPART = Tail
		table.insert(TAIL, WLD)
	else
		local Tail = CreatePart(3, Character, "Neon", 0, 0, "Hot pink", "Tail", VT(0.25 * MATH, 0.25, 0.25 * MATH), false)
		local WLD = CreateWeldOrSnapOrMotor("Weld", LASTPART, LASTPART, Tail, CF(0, Tail.Size.Y / 2, 0) * ANGLES(RAD(-1.2), RAD(0), RAD(0)), CF(0, 0, 0))
		LASTPART = Tail
		table.insert(TAIL, WLD)
	end
end
local Tail = CreatePart(3, Character, "Neon", 0, 0, "Really black", "Tip", VT(0.25, 0.25, 0.25), false)
local WLD = CreateWeldOrSnapOrMotor("Weld", LASTPART, LASTPART, Tail, CF(0, Tail.Size.Y / 2, 0) * ANGLES(RAD(0), RAD(0), RAD(0)), CF(0, 0, 0))
table.insert(TAIL, WLD)
LASTPART = Tail
local Tail = CreatePart(3, Character, "Neon", 0, 0, "Really black", "Tip", VT(0.4, 0.45, 0.4), false)
local WLD = CreateWeldOrSnapOrMotor("Weld", LASTPART, LASTPART, Tail, CF(0, Tail.Size.Y / 2, 0) * ANGLES(RAD(0), RAD(0), RAD(0)), CF(0, 0, 0))
table.insert(TAIL, WLD)
LASTPART = Tail
local Tail = CreatePart(3, Character, "Neon", 0, 0, "Really black", "Tip", VT(0.15, 0.35, 0.15), false)
local WLD = CreateWeldOrSnapOrMotor("Weld", LASTPART, LASTPART, Tail, CF(0, Tail.Size.Y / 2, 0) * ANGLES(RAD(0), RAD(0), RAD(0)), CF(0, 0, 0))
table.insert(TAIL, WLD)
--\\=================================//
local Eye = CreatePart(3, Character, "Neon", 0, 0, "Pink", "Eye", VT(0.1,1,1)/2,false)
MakeForm(Eye,"Ball")
CreateWeldOrSnapOrMotor("Weld", Eye, Head, Eye, CF(0,0.15,0) * ANGLES(RAD(0), RAD(-18), RAD(0)), CF(0, 0, 0.4))
Reaper = Instance.new("Model")
Reaper.Parent = game.Players:FindFirstChild(script.Parent.Parent.Name).Character
Reaper.Name = "Reaper"
RHe = Instance.new("Part")
RHe.Parent = Reaper
RHe.BrickColor = BrickColor.new("Really black")
RHe.Locked = true
RHe.CanCollide = false
RHe.Transparency = 0
PMesh = Instance.new("SpecialMesh")
RHe.formFactor =  "Symmetric"
PMesh.MeshType = "FileMesh"
PMesh.MeshId = "rbxassetid://1374148"
PMesh.TextureId = "rbxassetid://185703978"
PMesh.Scale = Vector3.new(1, 1, 1)
PMesh.Parent = RHe
local RWeld = Instance.new("Weld")
RWeld.Parent = RHe
RWeld.Part0 = RHe
RWeld.Part1 = Reaper.Parent.Head
RWeld.C0 = CFrame.new(0, -.7, 0) * CFrame.Angles(0, 0, 0)
New = function(Object, Parent, Name, Data)
	local Object = Instance.new(Object)
	for Index, Value in pairs(Data or {}) do
		Object[Index] = Value
	end
	Object.Parent = Parent
	Object.Name = Name
	return Object
end
	
Gaunty = New("Model",Reaper.Parent,"Gaunty",{})
Handle = New("Part",Gaunty,"Handle",{BrickColor = BrickColor.new("Black"),Material = Enum.Material.Metal,FormFactor = Enum.FormFactor.Custom,Size = Vector3.new(1, 1.26999998, 1),CFrame = CFrame.new(-5.67319345, 3.02064276, -77.6615906, 0.999894261, 0.010924357, 0.00963267777, -0.0110270018, 0.999882579, 0.0106679145, -0.00951499958, -0.0107729975, 0.999897003),BottomSurface = Enum.SurfaceType.Smooth,TopSurface = Enum.SurfaceType.Smooth,Color = Color3.new(0.105882, 0.164706, 0.207843),})
Mesh = New("BlockMesh",Handle,"Mesh",{Scale = Vector3.new(1.03999996, 1, 1.03999996),})
NeonPart = New("Part",Gaunty,"NeonPart",{BrickColor = BrickColor.new("Hot pink"),Material = Enum.Material.Neon,Shape = Enum.PartType.Cylinder,Size = Vector3.new(1.13999987, 0.109999999, 0.109999999),CFrame = CFrame.new(-5.82765579, 3.62595344, -77.6579285, -4.74974513e-08, -6.18456397e-10, 1.0000006, -5.58793545e-09, 1.0000006, -1.5279511e-10, -1.0000006, 4.65661287e-09, -4.00468707e-08),BottomSurface = Enum.SurfaceType.Smooth,TopSurface = Enum.SurfaceType.Smooth,Color = Color3.new(0.972549, 0.972549, 0.972549),})
mot = New("Motor",NeonPart,"mot",{Part0 = NeonPart,Part1 = Handle,C0 = CFrame.new(0, 0, 0, -4.37113883e-08, 0, -1, 0, 1, 0, 1, 0, -4.37113883e-08),C1 = CFrame.new(-0.161155701, 0.603512526, 0.00862884521, 0.999894261, -0.0110270018, -0.00951499958, 0.010924357, 0.999882579, -0.0107729975, 0.00963267777, 0.0106679145, 0.999897003),})
NeonPart = New("Part",Gaunty,"NeonPart",{BrickColor = BrickColor.new("Hot pink"),Material = Enum.Material.Neon,Shape = Enum.PartType.Cylinder,Size = Vector3.new(1.13999987, 0.109999999, 0.109999999),CFrame = CFrame.new(-6.13765526, 3.62595367, -77.6579285, -4.74974513e-08, -6.18456397e-10, 1.0000006, -5.58793545e-09, 1.0000006, -1.5279511e-10, -1.0000006, 4.65661287e-09, -4.00468707e-08),BottomSurface = Enum.SurfaceType.Smooth,TopSurface = Enum.SurfaceType.Smooth,Color = Color3.new(0.972549, 0.972549, 0.972549),})
mot = New("Motor",NeonPart,"mot",{Part0 = NeonPart,Part1 = Handle,C0 = CFrame.new(0, 0, 0, -4.37113883e-08, 0, -1, 0, 1, 0, 1, 0, -4.37113883e-08),C1 = CFrame.new(-0.471122265, 0.600126028, 0.00564575195, 0.999894261, -0.0110270018, -0.00951499958, 0.010924357, 0.999882579, -0.0107729975, 0.00963267777, 0.0106679145, 0.999897003),})
NeonPart = New("Part",Gaunty,"NeonPart",{BrickColor = BrickColor.new("Hot pink"),Material = Enum.Material.Neon,Shape = Enum.PartType.Cylinder,Size = Vector3.new(1.13999987, 0.109999999, 0.109999999),CFrame = CFrame.new(-5.5176549, 3.62595415, -77.6579285, -4.74974513e-08, -6.18456397e-10, 1.0000006, -5.58793545e-09, 1.0000006, -1.5279511e-10, -1.0000006, 4.65661287e-09, -4.00468707e-08),BottomSurface = Enum.SurfaceType.Smooth,TopSurface = Enum.SurfaceType.Smooth,Color = Color3.new(0.972549, 0.972549, 0.972549),})
mot = New("Motor",NeonPart,"mot",{Part0 = NeonPart,Part1 = Handle,C0 = CFrame.new(0, 0, 0, -4.37113883e-08, 0, -1, 0, 1, 0, 1, 0, -4.37113883e-08),C1 = CFrame.new(0.148812294, 0.606899738, 0.0116195679, 0.999894261, -0.0110270018, -0.00951499958, 0.010924357, 0.999882579, -0.0107729975, 0.00963267777, 0.0106679145, 0.999897003),})
NeonPart = New("Part",Gaunty,"NeonPart",{BrickColor = BrickColor.new("Hot pink"),Material = Enum.Material.Neon,Shape = Enum.PartType.Cylinder,Size = Vector3.new(1.13999987, 0.109999999, 0.109999999),CFrame = CFrame.new(-5.21765471, 3.62595463, -77.6579285, -4.74974513e-08, -6.18456397e-10, 1.0000006, -5.58793545e-09, 1.0000006, -1.5279511e-10, -1.0000006, 4.65661287e-09, -4.00468707e-08),BottomSurface = Enum.SurfaceType.Smooth,TopSurface = Enum.SurfaceType.Smooth,Color = Color3.new(0.972549, 0.972549, 0.972549),})
mot = New("Motor",NeonPart,"mot",{Part0 = NeonPart,Part1 = Handle,C0 = CFrame.new(0, 0, 0, -4.37113883e-08, 0, -1, 0, 1, 0, 1, 0, -4.37113883e-08),C1 = CFrame.new(0.448780537, 0.610177517, 0.014503479, 0.999894261, -0.0110270018, -0.00951499958, 0.010924357, 0.999882579, -0.0107729975, 0.00963267777, 0.0106679145, 0.999897003),})
NeonPart = New("Part",Gaunty,"NeonPart",{BrickColor = BrickColor.new("Hot pink"),Material = Enum.Material.Neon,Shape = Enum.PartType.Cylinder,Size = Vector3.new(1.13999987, 0.109999999, 0.109999999),CFrame = CFrame.new(-6.13765526, 2.53595448, -77.6579285, -4.74974513e-08, -6.18456397e-10, 1.0000006, -5.58793545e-09, 1.0000006, -1.5279511e-10, -1.0000006, 4.65661287e-09, -4.00468707e-08),BottomSurface = Enum.SurfaceType.Smooth,TopSurface = Enum.SurfaceType.Smooth,Color = Color3.new(0.972549, 0.972549, 0.972549),})
mot = New("Motor",NeonPart,"mot",{Part0 = NeonPart,Part1 = Handle,C0 = CFrame.new(0, 0, 0, -4.37113883e-08, 0, -1, 0, 1, 0, 1, 0, -4.37113883e-08),C1 = CFrame.new(-0.459102631, -0.489744425, -0.00598144531, 0.999894261, -0.0110270018, -0.00951499958, 0.010924357, 0.999882579, -0.0107729975, 0.00963267777, 0.0106679145, 0.999897003),})
NeonPart = New("Part",Gaunty,"NeonPart",{BrickColor = BrickColor.new("Hot pink"),Material = Enum.Material.Neon,Shape = Enum.PartType.Cylinder,Size = Vector3.new(1.13999987, 0.109999999, 0.109999999),CFrame = CFrame.new(-5.82765627, 2.53595448, -77.6579285, -4.74974513e-08, -6.18456397e-10, 1.0000006, -5.58793545e-09, 1.0000006, -1.5279511e-10, -1.0000006, 4.65661287e-09, -4.00468707e-08),BottomSurface = Enum.SurfaceType.Smooth,TopSurface = Enum.SurfaceType.Smooth,Color = Color3.new(0.972549, 0.972549, 0.972549),})
mot = New("Motor",NeonPart,"mot",{Part0 = NeonPart,Part1 = Handle,C0 = CFrame.new(0, 0, 0, -4.37113883e-08, 0, -1, 0, 1, 0, 1, 0, -4.37113883e-08),C1 = CFrame.new(-0.149136543, -0.486357927, -0.00299835205, 0.999894261, -0.0110270018, -0.00951499958, 0.010924357, 0.999882579, -0.0107729975, 0.00963267777, 0.0106679145, 0.999897003),})
NeonPart = New("Part",Gaunty,"NeonPart",{BrickColor = BrickColor.new("Hot pink"),Material = Enum.Material.Neon,Shape = Enum.PartType.Cylinder,Size = Vector3.new(1.13999987, 0.109999999, 0.109999999),CFrame = CFrame.new(-5.51765537, 2.53595448, -77.6579361, -4.74974513e-08, -6.18456397e-10, 1.0000006, -5.58793545e-09, 1.0000006, -1.5279511e-10, -1.0000006, 4.65661287e-09, -4.00468707e-08),BottomSurface = Enum.SurfaceType.Smooth,TopSurface = Enum.SurfaceType.Smooth,Color = Color3.new(0.972549, 0.972549, 0.972549),})
mot = New("Motor",NeonPart,"mot",{Part0 = NeonPart,Part1 = Handle,C0 = CFrame.new(0, 0, 0, -4.37113883e-08, 0, -1, 0, 1, 0, 1, 0, -4.37113883e-08),C1 = CFrame.new(0.160831451, -0.48297143, -1.52587891e-05, 0.999894261, -0.0110270018, -0.00951499958, 0.010924357, 0.999882579, -0.0107729975, 0.00963267777, 0.0106679145, 0.999897003),})
NeonPart = New("Part",Gaunty,"NeonPart",{BrickColor = BrickColor.new("Hot pink"),Material = Enum.Material.Neon,Shape = Enum.PartType.Cylinder,Size = Vector3.new(1.13999987, 0.109999999, 0.109999999),CFrame = CFrame.new(-5.21765566, 2.53595424, -77.6579361, -4.74974513e-08, -6.18456397e-10, 1.0000006, -5.58793545e-09, 1.0000006, -1.5279511e-10, -1.0000006, 4.65661287e-09, -4.00468707e-08),BottomSurface = Enum.SurfaceType.Smooth,TopSurface = Enum.SurfaceType.Smooth,Color = Color3.new(0.972549, 0.972549, 0.972549),})
mot = New("Motor",NeonPart,"mot",{Part0 = NeonPart,Part1 = Handle,C0 = CFrame.new(0, 0, 0, -4.37113883e-08, 0, -1, 0, 1, 0, 1, 0, -4.37113883e-08),C1 = CFrame.new(0.460799217, -0.479694128, 0.00286865234, 0.999894261, -0.0110270018, -0.00951499958, 0.010924357, 0.999882579, -0.0107729975, 0.00963267777, 0.0106679145, 0.999897003),})
Part = New("Part",Gaunty,"Part",{BrickColor = BrickColor.new("Black"),Material = Enum.Material.Metal,FormFactor = Enum.FormFactor.Custom,Size = Vector3.new(1.07999992, 0.279999971, 1.06999993),CFrame = CFrame.new(-5.66865063, 3.64553881, -77.6613617, 0.999894857, 0.0109243635, 0.00963268708, -0.0110270083, 0.999883175, 0.0106679257, -0.00951500144, -0.0107729994, 0.999897599),BottomSurface = Enum.SurfaceType.Smooth,TopSurface = Enum.SurfaceType.Smooth,Color = Color3.new(0.105882, 0.164706, 0.207843),})
Mesh = New("BlockMesh",Part,"Mesh",{Scale = Vector3.new(1.03999996, 1, 1.03999996),})
mot = New("Motor",Part,"mot",{Part0 = Part,Part1 = Handle,C0 = CFrame.new(0, 0, 0, 0.999894261, -0.0110270018, -0.00951499958, 0.010924357, 0.999882579, -0.0107729975, 0.00963267777, 0.0106679145, 0.999897003),C1 = CFrame.new(-0.00235080719, 0.624869347, 0.00694274902, 0.999894261, -0.0110270018, -0.00951499958, 0.010924357, 0.999882579, -0.0107729975, 0.00963267777, 0.0106679145, 0.999897003),})
NeonPart = New("Part",Gaunty,"NeonPart",{BrickColor = BrickColor.new("Hot pink"),Material = Enum.Material.Neon,FormFactor = Enum.FormFactor.Custom,Size = Vector3.new(1.08999991, 0.0599999577, 1.07999992),CFrame = CFrame.new(-5.66490126, 3.73544312, -77.6652145, 0.999894857, 0.0109243635, 0.00963268708, -0.0110270083, 0.999883175, 0.0106679257, -0.00951500144, -0.0107729994, 0.999897599),BottomSurface = Enum.SurfaceType.Smooth,TopSurface = Enum.SurfaceType.Smooth,Color = Color3.new(0.972549, 0.972549, 0.972549),})
Mesh = New("BlockMesh",NeonPart,"Mesh",{Scale = Vector3.new(1.03999996, 1, 1.03999996),})
mot = New("Motor",NeonPart,"mot",{Part0 = NeonPart,Part1 = Handle,C0 = CFrame.new(0, 0, 0, 0.999894261, -0.0110270018, -0.00951499958, 0.010924357, 0.999882579, -0.0107729975, 0.00963267777, 0.0106679145, 0.999897003),C1 = CFrame.new(0.000443935394, 0.714845657, 0.00408172607, 0.999894261, -0.0110270018, -0.00951499958, 0.010924357, 0.999882579, -0.0107729975, 0.00963267777, 0.0106679145, 0.999897003),})
NeonPart = New("Part",Gaunty,"NeonPart",{BrickColor = BrickColor.new("Hot pink"),Material = Enum.Material.Neon,FormFactor = Enum.FormFactor.Custom,Size = Vector3.new(1.08999991, 0.0599999577, 1.07999992),CFrame = CFrame.new(-5.66480446, 3.52554965, -77.65522, 0.999894857, 0.0109243635, 0.00963268708, -0.0110270083, 0.999883175, 0.0106679257, -0.00951500144, -0.0107729994, 0.999897599),BottomSurface = Enum.SurfaceType.Smooth,TopSurface = Enum.SurfaceType.Smooth,Color = Color3.new(0.972549, 0.972549, 0.972549),})
Mesh = New("BlockMesh",NeonPart,"Mesh",{Scale = Vector3.new(1.03999996, 1, 1.03999996),})
mot = New("Motor",NeonPart,"mot",{Part0 = NeonPart,Part1 = Handle,C0 = CFrame.new(0, 0, 0, 0.999894261, -0.0110270018, -0.00951499958, 0.010924357, 0.999882579, -0.0107729975, 0.00963267777, 0.0106679145, 0.999897003),C1 = CFrame.new(0.00275993347, 0.504870415, 0.0118331909, 0.999894261, -0.0110270018, -0.00951499958, 0.010924357, 0.999882579, -0.0107729975, 0.00963267777, 0.0106679145, 0.999897003),})
Part = New("Part",Gaunty,"Part",{BrickColor = BrickColor.new("Black"),Material = Enum.Material.Metal,FormFactor = Enum.FormFactor.Custom,Size = Vector3.new(1.07999992, 0.279999971, 1.06999993),CFrame = CFrame.new(-5.6686511, 2.55553746, -77.6613541, 0.999894857, 0.0109243635, 0.00963268708, -0.0110270083, 0.999883175, 0.0106679257, -0.00951500144, -0.0107729994, 0.999897599),BottomSurface = Enum.SurfaceType.Smooth,TopSurface = Enum.SurfaceType.Smooth,Color = Color3.new(0.105882, 0.164706, 0.207843),})
Mesh = New("BlockMesh",Part,"Mesh",{Scale = Vector3.new(1.03999996, 1, 1.03999996),})
mot = New("Motor",Part,"mot",{Part0 = Part,Part1 = Handle,C0 = CFrame.new(0, 0, 0, 0.999894261, -0.0110270018, -0.00951499958, 0.010924357, 0.999882579, -0.0107729975, 0.00963267777, 0.0106679145, 0.999897003),C1 = CFrame.new(0.00966835022, -0.465003252, -0.00468444824, 0.999894261, -0.0110270018, -0.00951499958, 0.010924357, 0.999882579, -0.0107729975, 0.00963267777, 0.0106679145, 0.999897003),})
NeonPart = New("Part",Gaunty,"NeonPart",{BrickColor = BrickColor.new("Hot pink"),Material = Enum.Material.Neon,FormFactor = Enum.FormFactor.Custom,Size = Vector3.new(1.08999991, 0.0599999577, 1.07999992),CFrame = CFrame.new(-5.66490126, 2.64544272, -77.6652145, 0.999894857, 0.0109243635, 0.00963268708, -0.0110270083, 0.999883175, 0.0106679257, -0.00951500144, -0.0107729994, 0.999897599),BottomSurface = Enum.SurfaceType.Smooth,TopSurface = Enum.SurfaceType.Smooth,Color = Color3.new(0.972549, 0.972549, 0.972549),})
Mesh = New("BlockMesh",NeonPart,"Mesh",{Scale = Vector3.new(1.03999996, 1, 1.03999996),})
mot = New("Motor",NeonPart,"mot",{Part0 = NeonPart,Part1 = Handle,C0 = CFrame.new(0, 0, 0, 0.999894261, -0.0110270018, -0.00951499958, 0.010924357, 0.999882579, -0.0107729975, 0.00963267777, 0.0106679145, 0.999897003),C1 = CFrame.new(0.0124630928, -0.375026226, -0.00754547119, 0.999894261, -0.0110270018, -0.00951499958, 0.010924357, 0.999882579, -0.0107729975, 0.00963267777, 0.0106679145, 0.999897003),})
NeonPart = New("Part",Gaunty,"NeonPart",{BrickColor = BrickColor.new("Hot pink"),Material = Enum.Material.Neon,FormFactor = Enum.FormFactor.Custom,Size = Vector3.new(1.08999991, 0.0599999577, 1.07999992),CFrame = CFrame.new(-5.66480494, 2.43554902, -77.65522, 0.999894857, 0.0109243635, 0.00963268708, -0.0110270083, 0.999883175, 0.0106679257, -0.00951500144, -0.0107729994, 0.999897599),BottomSurface = Enum.SurfaceType.Smooth,TopSurface = Enum.SurfaceType.Smooth,Color = Color3.new(0.972549, 0.972549, 0.972549),})
Mesh = New("BlockMesh",NeonPart,"Mesh",{Scale = Vector3.new(1.03999996, 1, 1.03999996),})
mot = New("Motor",NeonPart,"mot",{Part0 = NeonPart,Part1 = Handle,C0 = CFrame.new(0, 0, 0, 0.999894261, -0.0110270018, -0.00951499958, 0.010924357, 0.999882579, -0.0107729975, 0.00963267777, 0.0106679145, 0.999897003),C1 = CFrame.new(0.0147790909, -0.585001707, 0.000205993652, 0.999894261, -0.0110270018, -0.00951499958, 0.010924357, 0.999882579, -0.0107729975, 0.00963267777, 0.0106679145, 0.999897003),})
NeonPart = New("Part",Gaunty,"NeonPart",{BrickColor = BrickColor.new("Hot pink"),Material = Enum.Material.Neon,Shape = Enum.PartType.Cylinder,Size = Vector3.new(1.12999988, 0.109999999, 0.109999999),CFrame = CFrame.new(-5.67265606, 3.62595463, -78.1079407, 1.0000006, -6.18456397e-10, 3.7252903e-09, -6.18456397e-10, 1.0000006, 4.65661287e-09, 3.7252903e-09, 4.65661287e-09, 1.0000006),BottomSurface = Enum.SurfaceType.Smooth,TopSurface = Enum.SurfaceType.Smooth,Color = Color3.new(0.972549, 0.972549, 0.972549),})
mot = New("Motor",NeonPart,"mot",{Part0 = NeonPart,Part1 = Handle,C1 = CFrame.new(-0.0018901825, 0.61005497, -0.439842224, 0.999894261, -0.0110270018, -0.00951499958, 0.010924357, 0.999882579, -0.0107729975, 0.00963267777, 0.0106679145, 0.999897003),})
NeonPart = New("Part",Gaunty,"NeonPart",{BrickColor = BrickColor.new("Hot pink"),Material = Enum.Material.Neon,Shape = Enum.PartType.Cylinder,Size = Vector3.new(1.12999988, 0.109999999, 0.109999999),CFrame = CFrame.new(-5.67265606, 3.62595558, -77.8179321, 1.0000006, -6.18456397e-10, 3.7252903e-09, -6.18456397e-10, 1.0000006, 4.65661287e-09, 3.7252903e-09, 4.65661287e-09, 1.0000006),BottomSurface = Enum.SurfaceType.Smooth,TopSurface = Enum.SurfaceType.Smooth,Color = Color3.new(0.972549, 0.972549, 0.972549),})
mot = New("Motor",NeonPart,"mot",{Part0 = NeonPart,Part1 = Handle,C1 = CFrame.new(-0.00464963913, 0.606931448, -0.149864197, 0.999894261, -0.0110270018, -0.00951499958, 0.010924357, 0.999882579, -0.0107729975, 0.00963267777, 0.0106679145, 0.999897003),})
NeonPart = New("Part",Gaunty,"NeonPart",{BrickColor = BrickColor.new("Hot pink"),Material = Enum.Material.Neon,Shape = Enum.PartType.Cylinder,Size = Vector3.new(1.13999987, 0.109999999, 0.109999999),CFrame = CFrame.new(-5.66765547, 3.62595606, -77.4879303, 1.0000006, -6.18456397e-10, 3.7252903e-09, -6.18456397e-10, 1.0000006, 4.65661287e-09, 3.7252903e-09, 4.65661287e-09, 1.0000006),BottomSurface = Enum.SurfaceType.Smooth,TopSurface = Enum.SurfaceType.Smooth,Color = Color3.new(0.972549, 0.972549, 0.972549),})
mot = New("Motor",NeonPart,"mot",{Part0 = NeonPart,Part1 = Handle,C1 = CFrame.new(-0.00278997421, 0.603431463, 0.180152893, 0.999894261, -0.0110270018, -0.00951499958, 0.010924357, 0.999882579, -0.0107729975, 0.00963267777, 0.0106679145, 0.999897003),})
NeonPart = New("Part",Gaunty,"NeonPart",{BrickColor = BrickColor.new("Hot pink"),Material = Enum.Material.Neon,Shape = Enum.PartType.Cylinder,Size = Vector3.new(1.13999987, 0.109999999, 0.109999999),CFrame = CFrame.new(-5.66765547, 3.62595654, -77.1979294, 1.0000006, -6.18456397e-10, 3.7252903e-09, -6.18456397e-10, 1.0000006, 4.65661287e-09, 3.7252903e-09, 4.65661287e-09, 1.0000006),BottomSurface = Enum.SurfaceType.Smooth,TopSurface = Enum.SurfaceType.Smooth,Color = Color3.new(0.972549, 0.972549, 0.972549),})
mot = New("Motor",NeonPart,"mot",{Part0 = NeonPart,Part1 = Handle,C1 = CFrame.new(-0.00554895401, 0.600307703, 0.470123291, 0.999894261, -0.0110270018, -0.00951499958, 0.010924357, 0.999882579, -0.0107729975, 0.00963267777, 0.0106679145, 0.999897003),})
