game:GetService("ServerStorage"):WaitForChild("MahoragaAssets")
local cfr = CFrame.new
local builtanims = {
	["Block"] = {{tm=0;["Bone"]={cf=cfr(-.002,-1.085,.061,.955,-.052,.291,-.027,.965,.261,-.294,-.257,.921);es="Linear";ed="In";};["Bone.001"]={cf=cfr(0,0,0,.999,-.013,.05,-.005,.936,.351,-.051,-.351,.935);es="Linear";ed="In";};["Bone.002"]={cf=cfr(0,0,0,.946,.286,-.153,-.261,.951,.164,.192,-.116,.974);es="Linear";ed="In";};["Bone.003"]={cf=cfr(0,0,0,.995,.038,-.097,-.014,.972,.236,.103,-.234,.967);es="Linear";ed="In";};["Bone.004"]={cf=cfr(0,0,0,.999,-.015,.049,.014,.999,.033,-.05,-.033,.998);es="Linear";ed="In";};["Bone.074"]={cf=cfr(0,0,0,.703,-.309,-.64,.672,.581,.459,.23,-.753,.616);es="Linear";ed="In";};["Bone.075"]={cf=cfr(0,0,0,.963,-.2,.179,-.099,.355,.93,-.249,-.913,.322);es="Linear";ed="In";};["Bone.076"]={cf=cfr(0,0,0,.313,.437,.843,-.722,.687,-.089,-.618,-.581,.53);es="Linear";ed="In";};["Bone.077"]={cf=cfr(0,0,0,.952,.014,.307,-.013,1,-.008,-.307,.003,.952);es="Linear";ed="In";};["Bone.080"]={cf=cfr(0,0,0,1,0,0,0,1,0,0,0,1);es="Linear";ed="In";};["Bone.081"]={cf=cfr(0,0,0,.985,.171,-.005,-.156,.884,-.44,-.071,.434,.898);es="Linear";ed="In";};["Bone.082"]={cf=cfr(0,0,0,.77,.288,-.569,-.634,.244,-.734,-.072,.926,.37);es="Linear";ed="In";};["Bone.089"]={cf=cfr(0,0,0,1,0,0,0,1,0,0,0,1);es="Linear";ed="In";};["Bone.090"]={cf=cfr(0,0,0,.94,.281,-.193,-.328,.901,-.285,.093,.331,.939);es="Linear";ed="In";};["Bone.091"]={cf=cfr(0,0,0,.398,.731,-.555,-.898,.188,-.397,-.186,.656,.731);es="Linear";ed="In";};["Bone.083"]={cf=cfr(0,0,0,1,0,0,0,1,0,0,0,1);es="Linear";ed="In";};["Bone.084"]={cf=cfr(0,0,0,.954,.29,.073,-.235,.879,-.414,-.184,.378,.907);es="Linear";ed="In";};["Bone.085"]={cf=cfr(0,0,0,.89,.33,-.316,-.426,.351,-.834,-.165,.876,.453);es="Linear";ed="In";};["Bone.095"]={cf=cfr(0,-2.825,0,1,0,0,0,1,0,0,0,1);es="Linear";ed="In";};["Bone.086"]={cf=cfr(0,0,0,1,0,0,0,1,0,0,0,1);es="Linear";ed="In";};["Bone.087"]={cf=cfr(0,0,0,.992,.121,-.047,-.129,.949,-.289,.009,.292,.956);es="Linear";ed="In";};["Bone.088"]={cf=cfr(0,0,0,.704,.571,-.424,-.644,.26,-.719,-.3,.779,.55);es="Linear";ed="In";};["Bone.078"]={cf=cfr(0,0,0,1,0,0,0,1,0,0,0,1);es="Linear";ed="In";};["Bone.079"]={cf=cfr(0,0,0,.986,.167,-.02,-.081,.368,-.926,-.148,.915,.376);es="Linear";ed="In";};["Bone.096"]={cf=cfr(0,0,0,1,0,0,0,1,0,0,0,1);es="Linear";ed="In";};["Bone.005"]={cf=cfr(0,0,0,.995,-.028,-.095,.033,.998,.047,.093,-.049,.994);es="Linear";ed="In";};["Bone.008"]={cf=cfr(0,0,0,.905,-.172,.39,.286,.924,-.255,-.316,.342,.885);es="Linear";ed="In";};["Bone.010"]={cf=cfr(0,0,0,.747,.661,-.076,-.632,.669,-.391,-.208,.34,.917);es="Linear";ed="In";};["Bone.009"]={cf=cfr(0,0,0,.978,.025,.208,.035,.959,-.28,-.207,.281,.937);es="Linear";ed="In";};["Bone.011"]={cf=cfr(0,0,0,.906,.067,.418,.031,.975,-.222,-.422,.214,.881);es="Linear";ed="In";};["Bone.012"]={cf=cfr(0,0,0,.904,-.223,-.364,.166,.969,-.182,.393,.104,.914);es="Linear";ed="In";};["Bone.013"]={cf=cfr(0,0,0,.887,-.427,-.178,.419,.904,-.084,.197,0,.98);es="Linear";ed="In";};["Bone.014"]={cf=cfr(0,0,0,.968,-.249,-.015,.247,.965,-.085,.035,.078,.996);es="Linear";ed="In";};["Bone.015"]={cf=cfr(0,0,0,.965,-.244,.098,.263,.875,-.407,.014,.419,.908);es="Linear";ed="In";};["Bone.016"]={cf=cfr(0,0,0,.965,-.262,-.027,.259,.962,-.088,.05,.078,.996);es="Linear";ed="In";};["Bone.017"]={cf=cfr(0,0,0,.986,-.15,-.079,.113,.929,-.353,.126,.339,.932);es="Linear";ed="In";};["Bone.018"]={cf=cfr(0,.001,0,1,.005,0,-.005,1,-.006,0,.006,1);es="Linear";ed="In";};["Bone.019"]={cf=cfr(0,.001,0,.768,-.638,.054,.639,.756,-.142,.049,.144,.988);es="Linear";ed="In";};["Bone.020"]={cf=cfr(.001,.001,0,.998,.015,.063,-.018,.999,.049,-.062,-.05,.997);es="Linear";ed="In";};["Bone.021"]={cf=cfr(.001,.001,0,.964,-.265,-.028,.262,.961,-.093,.052,.082,.995);es="Linear";ed="In";};["Bone.022"]={cf=cfr(.001,.001,0,.997,-.039,-.062,.028,.986,-.166,.068,.164,.984);es="Linear";ed="In";};["Bone.023"]={cf=cfr(.001,.001,0,.969,-.247,.015,.247,.963,-.107,.012,.108,.994);es="Linear";ed="In";};["Bone.024"]={cf=cfr(.001,.001,0,.999,.033,0,-.033,.999,.003,0,-.003,1);es="Linear";ed="In";};["Bone.025"]={cf=cfr(0,0,0,.864,-.456,.215,.503,.807,-.308,-.033,.374,.927);es="Linear";ed="In";};["Bone.026"]={cf=cfr(0,0,0,1,.015,0,-.015,1,0,0,0,1);es="Linear";ed="In";};["Bone.027"]={cf=cfr(0,0,0,.951,-.306,.033,.308,.939,-.155,.017,.157,.987);es="Linear";ed="In";};["Bone.068"]={cf=cfr(0,0,0,1,0,0,0,1,0,0,0,1);es="Linear";ed="In";};["Bone.069"]={cf=cfr(0,0,0,1,0,0,0,1,0,0,0,1);es="Linear";ed="In";};["Bone.070"]={cf=cfr(0,0,0,1,0,0,0,1,0,0,0,1);es="Linear";ed="In";};["Bone.071"]={cf=cfr(0,0,0,1,0,0,0,1,0,0,0,1);es="Linear";ed="In";};["Bone.072"]={cf=cfr(0,0,0,1,0,0,0,1,0,0,0,1);es="Linear";ed="In";};["Bone.073"]={cf=cfr(0,0,0,1,0,0,0,1,0,0,0,1);es="Linear";ed="In";};["Bone.050"]={cf=cfr(0,0,0,1,0,0,0,1,0,0,0,1);es="Linear";ed="In";};["Bone.051"]={cf=cfr(0,0,0,1,0,0,0,1,0,0,0,1);es="Linear";ed="In";};["Bone.052"]={cf=cfr(0,0,0,1,0,0,0,1,0,0,0,1);es="Linear";ed="In";};["Bone.053"]={cf=cfr(0,0,0,1,0,0,0,1,0,0,0,1);es="Linear";ed="In";};["Bone.054"]={cf=cfr(0,0,0,1,0,0,0,1,0,0,0,1);es="Linear";ed="In";};["Bone.055"]={cf=cfr(0,0,0,1,0,0,0,1,0,0,0,1);es="Linear";ed="In";};["Bone.056"]={cf=cfr(0,0,0,1,0,0,0,1,0,0,0,1);es="Linear";ed="In";};["Bone.057"]={cf=cfr(0,0,0,1,0,0,0,1,0,0,0,1);es="Linear";ed="In";};["Bone.058"]={cf=cfr(0,0,0,1,0,0,0,1,0,0,0,1);es="Linear";ed="In";};["Bone.059"]={cf=cfr(0,0,0,1,0,0,0,1,0,0,0,1);es="Linear";ed="In";};["Bone.060"]={cf=cfr(0,0,0,1,0,0,0,1,0,0,0,1);es="Linear";ed="In";};["Bone.061"]={cf=cfr(0,0,0,1,0,0,0,1,0,0,0,1);es="Linear";ed="In";};["Bone.007"]={cf=cfr(0,.021,.045,1,0,0,0,.997,.078,0,-.078,.997);es="Linear";ed="In";};["Bone.028"]={cf=cfr(.04,-.129,-.076,1,-.003,-.017,.003,.999,.048,.017,-.048,.999);es="Linear";ed="In";};["Bone.062"]={cf=cfr(0,0,0,1,0,0,0,1,0,0,0,1);es="Linear";ed="In";};["Bone.063"]={cf=cfr(0,0,0,1,0,0,0,1,0,0,0,1);es="Linear";ed="In";};["Bone.064"]={cf=cfr(0,0,0,1,0,0,0,1,0,0,0,1);es="Linear";ed="In";};["Bone.065"]={cf=cfr(0,0,0,1,0,0,0,1,0,0,0,1);es="Linear";ed="In";};["Bone.066"]={cf=cfr(0,0,0,1,0,0,0,1,0,0,0,1);es="Linear";ed="In";};["Bone.067"]={cf=cfr(0,0,0,1,0,0,0,1,0,0,0,1);es="Linear";ed="In";};["Bone.006"]={cf=cfr(0,0,0,1,0,0,0,1,0,0,0,1);es="Linear";ed="In";};["Bone.029"]={cf=cfr(-.018,.014,-.049,.899,.116,.422,-.438,.238,.867,0,-.964,.265);es="Linear";ed="In";};["Bone.030"]={cf=cfr(0,0,0,.859,-.507,-.065,.475,.745,.468,-.189,-.433,.882);es="Linear";ed="In";};["Bone.031"]={cf=cfr(0,0,0,.645,-.416,-.641,.765,.35,.541,-.001,-.839,.544);es="Linear";ed="In";};["Bone.032"]={cf=cfr(0,0,0,.975,.051,-.217,-.011,.983,.184,.222,-.178,.959);es="Linear";ed="In";};["Bone.035"]={cf=cfr(0,0,0,1,0,0,0,1,0,0,0,1);es="Linear";ed="In";};["Bone.036"]={cf=cfr(0,0,0,.971,-.239,-.019,.225,.936,-.271,.083,.259,.962);es="Linear";ed="In";};["Bone.037"]={cf=cfr(0,0,0,.909,-.356,.215,.415,.737,-.534,.032,.575,.818);es="Linear";ed="In";};["Bone.044"]={cf=cfr(0,0,0,1,0,0,0,1,0,0,0,1);es="Linear";ed="In";};["Bone.045"]={cf=cfr(0,0,0,.928,-.366,.066,.359,.835,-.417,.098,.411,.906);es="Linear";ed="In";};["Bone.046"]={cf=cfr(0,0,0,.881,-.341,.328,.471,.707,-.528,-.052,.62,.783);es="Linear";ed="In";};["Bone.038"]={cf=cfr(0,0,0,1,0,0,0,1,0,0,0,1);es="Linear";ed="In";};["Bone.039"]={cf=cfr(0,0,0,.979,-.197,.042,.201,.949,-.241,.008,.245,.97);es="Linear";ed="In";};["Bone.040"]={cf=cfr(0,0,0,.819,-.482,.312,.555,.525,-.645,.147,.701,.698);es="Linear";ed="In";};["Bone.033"]={cf=cfr(0,0,0,.984,-.179,-.003,.173,.954,-.243,.047,.239,.97);es="Linear";ed="In";};["Bone.034"]={cf=cfr(0,0,0,.972,-.23,.045,.226,.87,-.439,.062,.436,.898);es="Linear";ed="In";};["Bone.041"]={cf=cfr(0,0,0,1,0,0,0,1,0,0,0,1);es="Linear";ed="In";};["Bone.042"]={cf=cfr(0,0,0,.941,-.335,.034,.323,.868,-.376,.096,.365,.926);es="Linear";ed="In";};["Bone.043"]={cf=cfr(0,0,0,.806,-.508,.306,.582,.578,-.572,.114,.638,.761);es="Linear";ed="In";};["Plane.004"]={cf=cfr(0,7.961,0,0,-1,0,0,0,-1,1,0,0);es="Linear";ed="In";};["Armature"]={cf=cfr(0,0,-7.961,1,0,0,0,1,0,0,0,1);es="Linear";ed="In";};["RootNode"]={cf=cfr(0,0,0,-1,0,0,0,1,0,0,0,-1);es="Linear";ed="In";};};};
	["BlockHit"] = {{tm=0;["Bone"]={cf=cfr(-.002,-1.085,.061,.955,-.052,.291,-.027,.965,.261,-.294,-.257,.921);es="Linear";ed="In";};["Bone.001"]={cf=cfr(0,0,0,.999,-.013,.05,-.005,.936,.351,-.051,-.351,.935);es="Linear";ed="In";};["Bone.002"]={cf=cfr(0,0,0,.946,.286,-.153,-.261,.951,.164,.192,-.116,.974);es="Linear";ed="In";};["Bone.003"]={cf=cfr(0,0,0,.995,.038,-.097,-.014,.972,.236,.103,-.234,.967);es="Linear";ed="In";};["Bone.004"]={cf=cfr(0,0,0,.999,-.015,.049,.014,.999,.033,-.05,-.033,.998);es="Linear";ed="In";};["Bone.074"]={cf=cfr(0,0,0,.703,-.309,-.64,.672,.581,.459,.23,-.753,.616);es="Linear";ed="In";};["Bone.075"]={cf=cfr(0,0,0,.963,-.2,.179,-.099,.355,.93,-.249,-.913,.322);es="Linear";ed="In";};["Bone.076"]={cf=cfr(0,0,0,.313,.437,.843,-.722,.687,-.089,-.618,-.581,.53);es="Linear";ed="In";};["Bone.077"]={cf=cfr(0,0,0,.952,.014,.307,-.013,1,-.008,-.307,.003,.952);es="Linear";ed="In";};["Bone.081"]={cf=cfr(0,0,0,.985,.171,-.005,-.156,.884,-.44,-.071,.434,.898);es="Linear";ed="In";};["Bone.082"]={cf=cfr(0,0,0,.77,.288,-.569,-.634,.244,-.734,-.072,.926,.37);es="Linear";ed="In";};["Bone.084"]={cf=cfr(0,0,0,.954,.29,.073,-.235,.879,-.414,-.184,.378,.907);es="Linear";ed="In";};["Bone.085"]={cf=cfr(0,0,0,.89,.33,-.316,-.426,.351,-.834,-.165,.876,.453);es="Linear";ed="In";};["Bone.095"]={cf=cfr(0,-2.825,0,1,0,0,0,1,0,0,0,1);es="Linear";ed="In";};["Bone.090"]={cf=cfr(0,0,0,.94,.281,-.193,-.328,.901,-.285,.093,.331,.939);es="Linear";ed="In";};["Bone.091"]={cf=cfr(0,0,0,.398,.731,-.555,-.898,.188,-.397,-.186,.656,.731);es="Linear";ed="In";};["Bone.079"]={cf=cfr(0,0,0,.986,.167,-.02,-.081,.368,-.926,-.148,.915,.376);es="Linear";ed="In";};["Bone.087"]={cf=cfr(0,0,0,.992,.121,-.047,-.129,.949,-.289,.009,.292,.956);es="Linear";ed="In";};["Bone.088"]={cf=cfr(0,0,0,.704,.571,-.424,-.644,.26,-.719,-.3,.779,.55);es="Linear";ed="In";};["Bone.005"]={cf=cfr(0,0,0,.995,-.028,-.095,.033,.998,.047,.093,-.049,.994);es="Linear";ed="In";};["Bone.008"]={cf=cfr(0,0,0,.905,-.172,.39,.286,.924,-.255,-.316,.342,.885);es="Linear";ed="In";};["Bone.010"]={cf=cfr(0,0,0,.747,.661,-.076,-.632,.669,-.391,-.208,.34,.917);es="Linear";ed="In";};["Bone.009"]={cf=cfr(0,0,0,.978,.025,.208,.035,.959,-.28,-.207,.281,.937);es="Linear";ed="In";};["Bone.011"]={cf=cfr(0,0,0,.906,.067,.418,.031,.975,-.222,-.422,.214,.881);es="Linear";ed="In";};["Bone.012"]={cf=cfr(0,0,0,.904,-.223,-.364,.166,.969,-.182,.393,.104,.914);es="Linear";ed="In";};["Bone.013"]={cf=cfr(0,0,0,.887,-.427,-.178,.419,.904,-.084,.197,0,.98);es="Linear";ed="In";};["Bone.014"]={cf=cfr(0,0,0,.968,-.249,-.015,.247,.965,-.085,.035,.078,.996);es="Linear";ed="In";};["Bone.015"]={cf=cfr(0,0,0,.965,-.244,.098,.263,.875,-.407,.014,.419,.908);es="Linear";ed="In";};["Bone.016"]={cf=cfr(0,0,0,.965,-.262,-.027,.259,.962,-.088,.05,.078,.996);es="Linear";ed="In";};["Bone.017"]={cf=cfr(0,0,0,.986,-.15,-.079,.113,.929,-.353,.126,.339,.932);es="Linear";ed="In";};["Bone.018"]={cf=cfr(0,.001,0,1,.005,0,-.005,1,-.006,0,.006,1);es="Linear";ed="In";};["Bone.019"]={cf=cfr(0,.001,0,.768,-.638,.054,.639,.756,-.142,.049,.144,.988);es="Linear";ed="In";};["Bone.020"]={cf=cfr(.001,.001,0,.998,.015,.063,-.018,.999,.049,-.062,-.05,.997);es="Linear";ed="In";};["Bone.021"]={cf=cfr(.001,.001,0,.964,-.265,-.028,.262,.961,-.093,.052,.082,.995);es="Linear";ed="In";};["Bone.022"]={cf=cfr(.001,.001,0,.997,-.039,-.062,.028,.986,-.166,.068,.164,.984);es="Linear";ed="In";};["Bone.023"]={cf=cfr(.001,.001,0,.969,-.247,.015,.247,.963,-.107,.012,.108,.994);es="Linear";ed="In";};["Bone.024"]={cf=cfr(.001,.001,0,.999,.033,0,-.033,.999,.003,0,-.003,1);es="Linear";ed="In";};["Bone.025"]={cf=cfr(0,0,0,.864,-.456,.215,.503,.807,-.308,-.033,.374,.927);es="Linear";ed="In";};["Bone.026"]={cf=cfr(0,0,0,1,.015,0,-.015,1,0,0,0,1);es="Linear";ed="In";};["Bone.027"]={cf=cfr(0,0,0,.951,-.306,.033,.308,.939,-.155,.017,.157,.987);es="Linear";ed="In";};["Bone.028"]={cf=cfr(.04,-.129,-.076,1,-.003,-.017,.003,.999,.048,.017,-.048,.999);es="Linear";ed="In";};["Bone.007"]={cf=cfr(0,.021,.045,1,0,0,0,.997,.078,0,-.078,.997);es="Linear";ed="In";};["Bone.029"]={cf=cfr(-.018,.014,-.049,.899,.116,.422,-.438,.238,.867,0,-.964,.265);es="Linear";ed="In";};["Bone.030"]={cf=cfr(0,0,0,.859,-.507,-.065,.475,.745,.468,-.189,-.433,.882);es="Linear";ed="In";};["Bone.031"]={cf=cfr(0,0,0,.645,-.416,-.641,.765,.35,.541,-.001,-.839,.544);es="Linear";ed="In";};["Bone.032"]={cf=cfr(0,0,0,.975,.051,-.217,-.011,.983,.184,.222,-.178,.959);es="Linear";ed="In";};["Bone.036"]={cf=cfr(0,0,0,.971,-.239,-.019,.225,.936,-.271,.083,.259,.962);es="Linear";ed="In";};["Bone.037"]={cf=cfr(0,0,0,.909,-.356,.215,.415,.737,-.534,.032,.575,.818);es="Linear";ed="In";};["Bone.045"]={cf=cfr(0,0,0,.928,-.366,.066,.359,.835,-.417,.098,.411,.906);es="Linear";ed="In";};["Bone.046"]={cf=cfr(0,0,0,.881,-.341,.328,.471,.707,-.528,-.052,.62,.783);es="Linear";ed="In";};["Bone.033"]={cf=cfr(0,0,0,.984,-.179,-.003,.173,.954,-.243,.047,.239,.97);es="Linear";ed="In";};["Bone.034"]={cf=cfr(0,0,0,.972,-.23,.045,.226,.87,-.439,.062,.436,.898);es="Linear";ed="In";};["Bone.039"]={cf=cfr(0,0,0,.979,-.197,.042,.201,.949,-.241,.008,.245,.97);es="Linear";ed="In";};["Bone.040"]={cf=cfr(0,0,0,.819,-.482,.312,.555,.525,-.645,.147,.701,.698);es="Linear";ed="In";};["Bone.042"]={cf=cfr(0,0,0,.941,-.335,.034,.323,.868,-.376,.096,.365,.926);es="Linear";ed="In";};["Bone.043"]={cf=cfr(0,0,0,.806,-.508,.306,.582,.578,-.572,.114,.638,.761);es="Linear";ed="In";};["Plane.004"]={cf=cfr(0,7.961,0,0,-1,0,0,0,-1,1,0,0);es="Linear";ed="In";};["Armature"]={cf=cfr(0,0,-7.961,1,0,0,0,1,0,0,0,1);es="Linear";ed="In";};["RootNode"]={cf=cfr(0,0,0,-1,0,0,0,1,0,0,0,-1);es="Linear";ed="In";};};{tm=.033;["Bone"]={cf=cfr(-.002,-1.085,.061,.955,-.052,.291,-.024,.968,.251,-.295,-.247,.923);es="Linear";ed="In";};["Bone.004"]={cf=cfr(0,0,0,.999,-.015,.047,.013,.999,.043,-.047,-.042,.998);es="Linear";ed="In";};["Bone.074"]={cf=cfr(.006,-.017,.036,.703,-.314,-.638,.676,.574,.462,.221,-.757,.615);es="Linear";ed="In";};["Bone.075"]={cf=cfr(0,0,0,.963,-.21,.168,-.087,.348,.934,-.254,-.914,.317);es="Linear";ed="In";};["Bone.077"]={cf=cfr(0,0,0,.935,.068,.347,-.03,.993,-.115,-.353,.097,.931);es="Linear";ed="In";};["Bone.005"]={cf=cfr(0,0,0,.995,-.028,-.096,.033,.998,.053,.095,-.055,.994);es="Linear";ed="In";};["Bone.009"]={cf=cfr(0,0,0,.981,.036,.192,.023,.955,-.295,-.194,.293,.936);es="Linear";ed="In";};["Bone.014"]={cf=cfr(0,0,0,.969,-.244,-.021,.242,.967,-.082,.04,.074,.996);es="Linear";ed="In";};["Bone.021"]={cf=cfr(.001,.001,0,.97,-.228,-.088,.208,.958,-.197,.129,.172,.977);es="Linear";ed="In";};["Bone.022"]={cf=cfr(.001,.001,0,.997,-.039,-.062,.028,.986,-.166,.068,.164,.984);es="Linear";ed="In";};["Bone.023"]={cf=cfr(.001,.001,0,.969,-.247,.015,.247,.963,-.107,.012,.108,.994);es="Linear";ed="In";};["Bone.024"]={cf=cfr(.001,.001,0,.999,.033,0,-.033,.999,.003,0,-.003,1);es="Linear";ed="In";};["Bone.025"]={cf=cfr(0,0,0,.863,-.456,.215,.503,.807,-.308,-.033,.374,.927);es="Linear";ed="In";};["Bone.026"]={cf=cfr(0,0,0,.996,.094,.001,-.094,.995,-.022,-.003,.022,1);es="Linear";ed="In";};["Bone.027"]={cf=cfr(0,0,0,.951,-.306,.033,.308,.939,-.155,.017,.158,.987);es="Linear";ed="In";};["Bone.028"]={cf=cfr(.043,-.135,-.065,1,-.003,-.021,.004,.998,.06,.021,-.06,.998);es="Linear";ed="In";};["Bone.029"]={cf=cfr(-.003,.014,-.014,.9,.121,.419,-.436,.23,.87,.008,-.966,.26);es="Linear";ed="In";};["Bone.030"]={cf=cfr(0,0,0,.866,-.497,-.063,.463,.747,.477,-.19,-.442,.877);es="Linear";ed="In";};["Bone.032"]={cf=cfr(0,0,0,.963,-.081,-.258,.108,.99,.092,.248,-.117,.962);es="Linear";ed="In";};};{tm=.067;["Bone"]={cf=cfr(-.002,-1.085,.061,.955,-.051,.291,-.019,.972,.235,-.295,-.23,.927);es="Linear";ed="In";};["Bone.004"]={cf=cfr(0,0,0,.999,-.015,.041,.013,.998,.066,-.042,-.065,.997);es="Linear";ed="In";};["Bone.074"]={cf=cfr(.01,-.022,.049,.702,-.319,-.637,.679,.567,.466,.212,-.76,.615);es="Linear";ed="In";};["Bone.075"]={cf=cfr(0,0,0,.962,-.229,.147,-.064,.333,.941,-.264,-.915,.306);es="Linear";ed="In";};["Bone.077"]={cf=cfr(0,0,0,.936,.067,.346,-.03,.993,-.111,-.351,.094,.932);es="Linear";ed="In";};["Bone.005"]={cf=cfr(0,0,0,.995,-.027,-.1,.034,.998,.061,.098,-.064,.993);es="Linear";ed="In";};["Bone.009"]={cf=cfr(0,0,0,.986,.058,.159,-.003,.946,-.324,-.169,.319,.933);es="Linear";ed="In";};["Bone.014"]={cf=cfr(0,0,0,.972,-.231,-.037,.228,.971,-.075,.053,.064,.997);es="Linear";ed="In";};["Bone.021"]={cf=cfr(.001,.001,0,.966,-.181,-.186,.108,.932,-.346,.236,.314,.92);es="Linear";ed="In";};["Bone.022"]={cf=cfr(.001,.001,0,.997,-.039,-.062,.028,.986,-.166,.068,.164,.984);es="Linear";ed="In";};["Bone.023"]={cf=cfr(0,.001,0,.969,-.247,.015,.248,.963,-.107,.012,.108,.994);es="Linear";ed="In";};["Bone.024"]={cf=cfr(0,0,0,.999,.033,0,-.033,.999,.003,0,-.003,1);es="Linear";ed="In";};["Bone.025"]={cf=cfr(0,0,0,.863,-.456,.215,.504,.807,-.308,-.033,.374,.927);es="Linear";ed="In";};["Bone.026"]={cf=cfr(0,0,0,.97,.242,0,-.241,.968,-.065,-.016,.063,.998);es="Linear";ed="In";};["Bone.027"]={cf=cfr(0,0,0,.951,-.306,.033,.308,.939,-.155,.017,.158,.987);es="Linear";ed="In";};["Bone.028"]={cf=cfr(.049,-.147,-.039,1,-.004,-.029,.006,.997,.083,.028,-.083,.996);es="Linear";ed="In";};["Bone.029"]={cf=cfr(.002,.015,-.001,.901,.125,.416,-.434,.223,.873,.016,-.967,.255);es="Linear";ed="In";};["Bone.030"]={cf=cfr(0,0,0,.877,-.477,-.06,.441,.749,.494,-.191,-.46,.867);es="Linear";ed="In";};};{tm=.1;["Bone"]={cf=cfr(-.002,-1.085,.061,.955,-.051,.291,-.016,.975,.223,-.295,-.218,.93);es="Linear";ed="In";};["Bone.004"]={cf=cfr(0,0,0,.999,-.015,.036,.012,.996,.091,-.037,-.09,.995);es="Linear";ed="In";};["Bone.074"]={cf=cfr(.013,-.018,.049,.702,-.321,-.636,.681,.563,.468,.208,-.761,.614);es="Linear";ed="In";};["Bone.075"]={cf=cfr(0,0,0,.962,-.238,.135,-.052,.326,.944,-.269,-.915,.301);es="Linear";ed="In";};["Bone.077"]={cf=cfr(0,0,0,.937,.061,.343,-.028,.994,-.101,-.347,.085,.934);es="Linear";ed="In";};["Bone.005"]={cf=cfr(0,0,0,.994,-.03,-.104,.037,.997,.066,.101,-.07,.992);es="Linear";ed="In";};["Bone.028"]={cf=cfr(.054,-.157,-.009,.999,-.005,-.034,.008,.995,.097,.033,-.097,.995);es="Linear";ed="In";};["Bone.009"]={cf=cfr(0,0,0,.989,.075,.13,-.025,.937,-.347,-.148,.34,.929);es="Linear";ed="In";};["Bone.014"]={cf=cfr(0,0,0,.975,-.214,-.058,.21,.976,-.065,.071,.051,.996);es="Linear";ed="In";};["Bone.021"]={cf=cfr(.001,.001,0,.964,-.175,-.202,.09,.925,-.369,.252,.337,.907);es="Linear";ed="In";};["Bone.026"]={cf=cfr(0,0,0,.948,.319,.007,-.317,.944,-.09,-.036,.083,.996);es="Linear";ed="In";};["Bone.029"]={cf=cfr(-.001,.019,-.001,.901,.127,.415,-.433,.219,.874,.02,-.967,.252);es="Linear";ed="In";};["Bone.030"]={cf=cfr(0,0,0,.883,-.466,-.058,.429,.75,.503,-.191,-.469,.862);es="Linear";ed="In";};};{tm=.117;["Bone"]={cf=cfr(-.002,-1.085,.061,.955,-.051,.291,-.014,.976,.219,-.295,-.214,.931);es="Linear";ed="In";};["Bone.004"]={cf=cfr(0,0,0,.999,-.015,.033,.012,.995,.101,-.035,-.1,.994);es="Linear";ed="In";};["Bone.074"]={cf=cfr(.013,-.016,.048,.702,-.322,-.635,.682,.562,.468,.206,-.762,.614);es="Linear";ed="In";};["Bone.075"]={cf=cfr(0,0,0,.962,-.238,.136,-.053,.326,.944,-.269,-.915,.301);es="Linear";ed="In";};["Bone.077"]={cf=cfr(0,0,0,.939,.058,.34,-.027,.995,-.095,-.344,.08,.936);es="Linear";ed="In";};["Bone.005"]={cf=cfr(0,0,0,.994,-.031,-.105,.038,.997,.067,.103,-.071,.992);es="Linear";ed="In";};["Bone.028"]={cf=cfr(.055,-.159,.004,.999,-.005,-.033,.008,.995,.095,.033,-.095,.995);es="Linear";ed="In";};["Bone.009"]={cf=cfr(0,0,0,.989,.078,.125,-.029,.936,-.351,-.145,.343,.928);es="Linear";ed="In";};["Bone.014"]={cf=cfr(0,0,0,.976,-.204,-.069,.2,.978,-.059,.08,.044,.996);es="Linear";ed="In";};["Bone.021"]={cf=cfr(.001,.001,0,.965,-.177,-.196,.097,.928,-.36,.245,.328,.912);es="Linear";ed="In";};["Bone.026"]={cf=cfr(0,0,0,.951,.309,.019,-.306,.948,-.084,-.044,.074,.996);es="Linear";ed="In";};["Bone.029"]={cf=cfr(-.003,.022,-.001,.901,.128,.414,-.433,.218,.875,.021,-.968,.251);es="Linear";ed="In";};["Bone.030"]={cf=cfr(0,0,0,.883,-.467,-.058,.429,.75,.503,-.191,-.469,.862);es="Linear";ed="In";};};{tm=.133;["Bone"]={cf=cfr(-.002,-1.085,.061,.955,-.051,.291,-.013,.976,.217,-.295,-.211,.932);es="Linear";ed="In";};["Bone.004"]={cf=cfr(0,0,0,.999,-.015,.032,.012,.994,.107,-.033,-.107,.994);es="Linear";ed="In";};["Bone.074"]={cf=cfr(.014,-.013,.048,.702,-.322,-.635,.682,.561,.469,.205,-.762,.614);es="Linear";ed="In";};["Bone.075"]={cf=cfr(0,0,0,.962,-.236,.138,-.055,.327,.943,-.268,-.915,.302);es="Linear";ed="In";};["Bone.077"]={cf=cfr(0,0,0,.94,.054,.337,-.026,.996,-.087,-.341,.073,.937);es="Linear";ed="In";};["Bone.005"]={cf=cfr(0,0,0,.994,-.032,-.107,.04,.997,.068,.104,-.072,.992);es="Linear";ed="In";};["Bone.028"]={cf=cfr(.056,-.158,.014,1,-.005,-.03,.007,.996,.085,.029,-.085,.996);es="Linear";ed="In";};["Bone.009"]={cf=cfr(0,0,0,.989,.077,.127,-.028,.936,-.35,-.146,.342,.928);es="Linear";ed="In";};["Bone.014"]={cf=cfr(0,0,0,.978,-.195,-.08,.191,.98,-.054,.089,.038,.995);es="Linear";ed="In";};["Bone.021"]={cf=cfr(.001,.001,0,.966,-.181,-.186,.108,.932,-.346,.236,.314,.92);es="Linear";ed="In";};["Bone.026"]={cf=cfr(0,0,0,.959,.28,.034,-.277,.959,-.066,-.051,.053,.997);es="Linear";ed="In";};["Bone.029"]={cf=cfr(-.005,.026,-.002,.901,.128,.414,-.433,.217,.875,.022,-.968,.251);es="Linear";ed="In";};["Bone.030"]={cf=cfr(0,0,0,.882,-.468,-.058,.431,.75,.501,-.191,-.467,.863);es="Linear";ed="In";};};{tm=.233;["Bone"]={cf=cfr(-.002,-1.085,.061,.955,-.051,.291,-.017,.973,.228,-.295,-.223,.929);es="Linear";ed="In";};["Bone.004"]={cf=cfr(0,0,0,.999,-.015,.039,.012,.997,.077,-.04,-.077,.996);es="Linear";ed="In";};["Bone.074"]={cf=cfr(.012,-.002,.037,.702,-.321,-.636,.681,.564,.468,.208,-.761,.614);es="Linear";ed="In";};["Bone.075"]={cf=cfr(0,0,0,.963,-.215,.162,-.08,.344,.936,-.257,-.914,.314);es="Linear";ed="In";};["Bone.077"]={cf=cfr(0,0,0,.948,.028,.318,-.018,.999,-.035,-.319,.028,.947);es="Linear";ed="In";};["Bone.005"]={cf=cfr(0,0,0,.994,-.032,-.103,.038,.997,.061,.101,-.064,.993);es="Linear";ed="In";};["Bone.009"]={cf=cfr(0,0,0,.984,.049,.172,.007,.95,-.312,-.179,.308,.934);es="Linear";ed="In";};["Bone.014"]={cf=cfr(0,0,0,.979,-.172,-.106,.168,.985,-.04,.111,.022,.994);es="Linear";ed="In";};["Bone.021"]={cf=cfr(.001,.001,0,.97,-.228,-.088,.208,.958,-.197,.129,.172,.977);es="Linear";ed="In";};["Bone.024"]={cf=cfr(.001,.001,0,.999,.033,0,-.033,.999,.003,0,-.003,1);es="Linear";ed="In";};["Bone.025"]={cf=cfr(0,0,0,.863,-.456,.215,.503,.807,-.308,-.033,.374,.927);es="Linear";ed="In";};["Bone.026"]={cf=cfr(0,0,0,.993,-.051,.108,.034,.988,.152,-.114,-.148,.982);es="Linear";ed="In";};["Bone.027"]={cf=cfr(0,0,0,.951,-.306,.033,.308,.939,-.155,.017,.157,.987);es="Linear";ed="In";};["Bone.028"]={cf=cfr(.031,-.086,.02,1,.001,.005,-.001,1,-.015,-.005,.015,1);es="Linear";ed="In";};["Bone.029"]={cf=cfr(-.016,.031,-.012,.901,.127,.415,-.433,.219,.874,.02,-.967,.253);es="Linear";ed="In";};["Bone.030"]={cf=cfr(0,0,0,.869,-.491,-.062,.457,.748,.482,-.19,-.447,.874);es="Linear";ed="In";};["Bone.032"]={cf=cfr(0,0,0,.966,-.06,-.252,.09,.99,.107,.243,-.126,.962);es="Linear";ed="In";};};{tm=.333;["Bone"]={cf=cfr(-.002,-1.085,.061,.955,-.052,.291,-.027,.965,.261,-.294,-.257,.921);es="Linear";ed="In";};["Bone.001"]={cf=cfr(0,0,0,.999,-.013,.05,-.005,.936,.351,-.051,-.351,.935);es="Linear";ed="In";};["Bone.002"]={cf=cfr(0,0,0,.946,.286,-.153,-.261,.951,.164,.192,-.116,.974);es="Linear";ed="In";};["Bone.003"]={cf=cfr(0,0,0,.995,.038,-.097,-.014,.972,.236,.103,-.234,.967);es="Linear";ed="In";};["Bone.004"]={cf=cfr(0,0,0,.999,-.015,.049,.014,.999,.033,-.05,-.033,.998);es="Linear";ed="In";};["Bone.074"]={cf=cfr(0,0,0,.703,-.309,-.64,.672,.581,.459,.23,-.753,.616);es="Linear";ed="In";};["Bone.075"]={cf=cfr(0,0,0,.963,-.2,.179,-.099,.355,.93,-.249,-.913,.322);es="Linear";ed="In";};["Bone.076"]={cf=cfr(0,0,0,.313,.437,.843,-.722,.687,-.089,-.618,-.581,.53);es="Linear";ed="In";};["Bone.077"]={cf=cfr(0,0,0,.952,.014,.307,-.013,1,-.008,-.307,.003,.952);es="Linear";ed="In";};["Bone.081"]={cf=cfr(0,0,0,.985,.171,-.005,-.156,.884,-.44,-.071,.434,.898);es="Linear";ed="In";};["Bone.082"]={cf=cfr(0,0,0,.77,.288,-.569,-.634,.244,-.734,-.072,.926,.37);es="Linear";ed="In";};["Bone.084"]={cf=cfr(0,0,0,.954,.29,.073,-.235,.879,-.414,-.184,.378,.907);es="Linear";ed="In";};["Bone.085"]={cf=cfr(0,0,0,.89,.33,-.316,-.426,.351,-.834,-.165,.876,.453);es="Linear";ed="In";};["Bone.095"]={cf=cfr(0,-2.825,0,1,0,0,0,1,0,0,0,1);es="Linear";ed="In";};["Bone.090"]={cf=cfr(0,0,0,.94,.281,-.193,-.328,.901,-.285,.093,.331,.939);es="Linear";ed="In";};["Bone.091"]={cf=cfr(0,0,0,.398,.731,-.555,-.898,.188,-.397,-.186,.656,.731);es="Linear";ed="In";};["Bone.079"]={cf=cfr(0,0,0,.986,.167,-.02,-.081,.368,-.926,-.148,.915,.376);es="Linear";ed="In";};["Bone.087"]={cf=cfr(0,0,0,.992,.121,-.047,-.129,.949,-.289,.009,.292,.956);es="Linear";ed="In";};["Bone.088"]={cf=cfr(0,0,0,.704,.571,-.424,-.644,.26,-.719,-.3,.779,.55);es="Linear";ed="In";};["Bone.005"]={cf=cfr(0,0,0,.995,-.028,-.095,.033,.998,.047,.093,-.049,.994);es="Linear";ed="In";};["Bone.008"]={cf=cfr(0,0,0,.905,-.172,.39,.286,.924,-.255,-.316,.342,.885);es="Linear";ed="In";};["Bone.010"]={cf=cfr(0,0,0,.747,.661,-.076,-.632,.669,-.391,-.208,.34,.917);es="Linear";ed="In";};["Bone.009"]={cf=cfr(0,0,0,.978,.025,.208,.035,.959,-.28,-.207,.281,.937);es="Linear";ed="In";};["Bone.011"]={cf=cfr(0,0,0,.906,.067,.418,.031,.975,-.222,-.422,.214,.881);es="Linear";ed="In";};["Bone.012"]={cf=cfr(0,0,0,.904,-.223,-.364,.166,.969,-.182,.393,.104,.914);es="Linear";ed="In";};["Bone.013"]={cf=cfr(0,0,0,.887,-.427,-.178,.419,.904,-.084,.197,0,.98);es="Linear";ed="In";};["Bone.014"]={cf=cfr(0,0,0,.968,-.249,-.015,.247,.965,-.085,.035,.078,.996);es="Linear";ed="In";};["Bone.015"]={cf=cfr(0,0,0,.965,-.244,.098,.263,.875,-.407,.014,.419,.908);es="Linear";ed="In";};["Bone.016"]={cf=cfr(0,0,0,.965,-.262,-.027,.259,.962,-.088,.05,.078,.996);es="Linear";ed="In";};["Bone.017"]={cf=cfr(0,0,0,.986,-.15,-.079,.113,.929,-.353,.126,.339,.932);es="Linear";ed="In";};["Bone.018"]={cf=cfr(0,.001,0,1,.005,0,-.005,1,-.006,0,.006,1);es="Linear";ed="In";};["Bone.019"]={cf=cfr(0,.001,0,.768,-.638,.054,.639,.756,-.142,.049,.144,.988);es="Linear";ed="In";};["Bone.020"]={cf=cfr(.001,.001,0,.998,.015,.063,-.018,.999,.049,-.062,-.05,.997);es="Linear";ed="In";};["Bone.021"]={cf=cfr(.001,.001,0,.964,-.265,-.028,.262,.961,-.093,.052,.082,.995);es="Linear";ed="In";};["Bone.022"]={cf=cfr(.001,.001,0,.997,-.039,-.062,.028,.986,-.166,.068,.164,.984);es="Linear";ed="In";};["Bone.023"]={cf=cfr(.001,.001,0,.969,-.247,.015,.247,.963,-.107,.012,.108,.994);es="Linear";ed="In";};["Bone.024"]={cf=cfr(.001,.001,0,.999,.033,0,-.033,.999,.003,0,-.003,1);es="Linear";ed="In";};["Bone.025"]={cf=cfr(0,0,0,.864,-.456,.215,.503,.807,-.308,-.033,.374,.927);es="Linear";ed="In";};["Bone.026"]={cf=cfr(0,0,0,1,.015,0,-.015,1,0,0,0,1);es="Linear";ed="In";};["Bone.027"]={cf=cfr(0,0,0,.951,-.306,.033,.308,.939,-.155,.017,.157,.987);es="Linear";ed="In";};["Bone.028"]={cf=cfr(0,0,0,1,0,0,0,1,0,0,0,1);es="Linear";ed="In";};["Bone.007"]={cf=cfr(0,.021,.045,1,0,0,0,.997,.078,0,-.078,.997);es="Linear";ed="In";};["Bone.029"]={cf=cfr(-.018,.014,-.049,.899,.116,.422,-.438,.238,.867,0,-.964,.265);es="Linear";ed="In";};["Bone.030"]={cf=cfr(0,0,0,.859,-.507,-.065,.475,.745,.468,-.189,-.433,.882);es="Linear";ed="In";};["Bone.031"]={cf=cfr(0,0,0,.645,-.416,-.641,.765,.35,.541,-.001,-.839,.544);es="Linear";ed="In";};["Bone.032"]={cf=cfr(0,0,0,.975,.051,-.217,-.011,.983,.184,.222,-.178,.959);es="Linear";ed="In";};["Bone.036"]={cf=cfr(0,0,0,.971,-.239,-.019,.225,.936,-.271,.083,.259,.962);es="Linear";ed="In";};["Bone.037"]={cf=cfr(0,0,0,.909,-.356,.215,.415,.737,-.534,.032,.575,.818);es="Linear";ed="In";};["Bone.045"]={cf=cfr(0,0,0,.928,-.366,.066,.359,.835,-.417,.098,.411,.906);es="Linear";ed="In";};["Bone.046"]={cf=cfr(0,0,0,.881,-.341,.328,.471,.707,-.528,-.052,.62,.783);es="Linear";ed="In";};["Bone.033"]={cf=cfr(0,0,0,.984,-.179,-.003,.173,.954,-.243,.047,.239,.97);es="Linear";ed="In";};["Bone.034"]={cf=cfr(0,0,0,.972,-.23,.045,.226,.87,-.439,.062,.436,.898);es="Linear";ed="In";};["Bone.039"]={cf=cfr(0,0,0,.979,-.197,.042,.201,.949,-.241,.008,.245,.97);es="Linear";ed="In";};["Bone.040"]={cf=cfr(0,0,0,.819,-.482,.312,.555,.525,-.645,.147,.701,.698);es="Linear";ed="In";};["Bone.042"]={cf=cfr(0,0,0,.941,-.335,.034,.323,.868,-.376,.096,.365,.926);es="Linear";ed="In";};["Bone.043"]={cf=cfr(0,0,0,.806,-.508,.306,.582,.578,-.572,.114,.638,.761);es="Linear";ed="In";};["Plane.004"]={cf=cfr(0,7.961,0,0,-1,0,0,0,-1,1,0,0);es="Linear";ed="In";};["Armature"]={cf=cfr(0,0,-7.961,1,0,0,0,1,0,0,0,1);es="Linear";ed="In";};["RootNode"]={cf=cfr(0,0,0,-1,0,0,0,1,0,0,0,-1);es="Linear";ed="In";};};};
