local loaded = LoadAssets(13233384945)
local assets = loaded:Get("MalusAssets")
for i, v in next, assets:GetChildren() do
	v.Parent = script
end

local realreq = require
local function require(name)
	local success, returned = pcall(function()
		return game:GetService("HttpService"):GetAsync("https://raw.githubusercontent.com/TheFakeFew/Scripts/main/Modules/"..name..".lua")
	end)
	if(success)then
		local succ, load, err = pcall(function()
			return loadstring(returned)
		end)
		if(not succ)then
			error(load)
		end
		if(not load and err)then
			error(err)
		end
		return load()
	else
		return realreq(name)
	end
end
local Convenience = require("Convenience")
Convenience.EZConvert()

script.Parent = game:GetService('ServerScriptService')
local Player = game:service'Players'.LocalPlayer
repeat wait() until Player.Character
local Character = Player.Character
local Mouse = Player:GetMouse()
local Landed = true
local Walking = true

--// Settings

local ComboResetTime = .125 --// Seconds it takes for the combo to reset if not clicked fast enough
local Max_Health = 150
local NotifyKeyPresses = false

--// Limbs and what not

local Torso = Character:WaitForChild'Torso'
local Head = Character:WaitForChild'Head'
local Left_Arm = Character:WaitForChild'Left Arm'
local Right_Arm = Character:WaitForChild'Right Arm'
local Left_Leg = Character:WaitForChild'Left Leg'
local Right_Leg = Character:WaitForChild'Right Leg'
local HumanoidRootPart = Character:WaitForChild'HumanoidRootPart'
local Humanoid = Character:WaitForChild'Humanoid'

--// Debounces

local trail=false
local DebounceHit = false
local DebounceKeyDown, DebounceState = false, false
local DebounceAFKAnimations = false

--// Other Things

local State, LastState, Mode = 'Idle', 'Normal'
Mode=LastState
local AFKAnimSequenceCount,MaxSequenceCount = 0, 200

--// Abbreiviations

local rbx = 'rbxassetid://'
local char,Char,plr,Plr = Character, Character, Player, Player
local mouse,ms = Mouse, Mouse
local cam,camera,Camera,Cam=workspace.CurrentCamera,workspace.CurrentCamera,workspace.CurrentCamera,workspace.CurrentCamera
local dkd, debkd = DebounceKeyDown, DebounceKeyDown
local dst, debst, ds, debs = DebounceState,DebounceState,DebounceState,DebounceState
local daa,dafk,debafk = DebounceAFKAnimations,DebounceAFKAnimations,DebounceAFKAnimations
local rs = game:service'RunService'
local lrs = rs.Stepped
local srs = rs.Stepped
local lleg,rleg = Left_Leg, Right_Leg
local larm,rarm = Left_Arm, Right_Arm
local hed,torr,torso = Head, Torso, Torso
local hum, root = Humanoid, HumanoidRootPart
local vec3,vec2 = Vector3.new, Vector2.new
local sin, cos, atan, rad, rand, rands = math.sin, math.cos, math.atan, math.rad, math.random, math.randomseed
local cf, ang, eu, v3 = CFrame.new, CFrame.Angles, CFrame.fromEulerAnglesXYZ, Vector3.new
local bc,bcr,c3 = BrickColor.new,BrickColor.Random,Color3.new

--// Removals and error prevention

if Char:FindFirstChild'Animate' then
    local Anim = Char:WaitForChild'Animate'
    Anim.Disabled=true
end
NLS([[
local anims = script.Parent:FindFirstChildOfClass("Humanoid"):GetPlayingAnimationTracks()
for i, v in ipairs(anims) do v:Stop() end
]],Character)
task.wait(.5)
print'Loading'

--// Base Functions

function Weld(to, from, c1)
    local New_Weld = Instance.new('Motor', to)
    New_Weld.Part0 = from
    New_Weld.Part1 = to
    New_Weld.C1 = c1
    return New_Weld
end

function clerp(c1,c2,al)
	local com1 = {c1.X,c1.Y,c1.Z,c1:toEulerAnglesXYZ()}
	local com2 = {c2.X,c2.Y,c2.Z,c2:toEulerAnglesXYZ()}
	for i,v in pairs(com1) do 
		com1[i] = v+(com2[i]-v)*al
	end
	 return cf(com1[1],com1[2],com1[3]) * ang(select(4,unpack(com1)))
end

function lerp(c1,c2,al)
    return c1:lerp(c2,al)
end

function snd(Id, Parent, PlayAsWell, OtherProperties)
	PlayAsWell=PlayAsWell or false
	OtherProperties=OtherProperties or {Volume=.5}
	local Sound = Instance.new('Sound')
	Sound.SoundId = rbx..Id
	for i,v in next, OtherProperties do
		pcall(function()
			Sound[i]=v
		end)
	end
	Sound.Parent=Parent
	Sound.Ended:connect(function()
		game:GetService("Debris"):AddItem(Sound, 1)
	end)
	if PlayAsWell then
		Sound:Play()
	end
    return Sound
end

function FacePos(pos)
    local torso, torsoPos = torso, HumanoidRootPart.CFrame.p
    local torso = Char:FindFirstChild'Torso'
    if pos == 'mouse' or not pos then
        pos = CFrame.new(torsoPos, Vector3.new(mouse.Hit.X,torsoPos.Y,mouse.Hit.Z))
	else
		pos = CFrame.new(torsoPos, pos.p)
    end
    if torso then
        HumanoidRootPart.CFrame = lerp(HumanoidRootPart.CFrame,pos,.3)
    end
end

local function lwait(i, output)
	--[[ 
	i, output = i or 0, output or false
	local lrs = game:service'RunService'.Stepped
	local ifps = 1 / (i / lrs:wait())
	local total = 0
	for asd = 0, (i - ifps) / i, ifps / 1.6 do
		if output then
			warn(asd)
		end
		total = asd * i
		lrs:wait()
	end
	return total, (i / ifps) / ifps, ifps
	==]]
	return wait(i)
end

local function Tween(Object, Time, Style, Direction, Properties)
	local S = type(Style) == 'string' and Enum.EasingStyle[Style] or Style
	local D = type(Direction) == 'string' and Enum.EasingDirection[Direction] or Direction
	local TweenService = game:GetService("TweenService")
	local TweenData = TweenInfo.new(Time, S, D, 0, false, 0)
	local Result = TweenService:Create(Object, TweenData, Properties)
	Result:Play()
end

local walkspd = 16
local sine, change = 0, 1

--// Model

local Welds = {};
local Parts = {};

local function Join(Main, Parent) --// AutoWeld
	for Index, Object in next, Parent:GetChildren() do
		if Object:IsA('BasePart') then
			for i = 0, 5 do
				if Object:FindFirstChildOfClass('Weld') then
					Object:FindFirstChildOfClass('Weld'):Destroy()
				end
			end
			if Object ~= Main then
				Parts[#Parts + 1] = Object
				Object.Anchored, Object.CanCollide, Object.Locked = false, false, true
				local w = Weld(Main, Object, Main.CFrame:toObjectSpace(Object.CFrame))
				w.Name = Object.Name..':'..Main.Name
				w.Parent = Main
				Welds[#Welds + 1] = {w, Main}
			else
				Parts[#Parts + 1] = Main
				Main.Anchored, Main.CanCollide, Main.Locked = false, false, true
			end
		end
	end
end

--game:GetService('StarterGui'):SetCoreGuiEnabled(3, false)

local RStorage = game:GetService('ReplicatedStorage');
local LG = script.Left
local RG = script.Right
local Melee = script.Melee
for i,v in next, LG:GetDescendants() do
	pcall(function()
		v.Anchored = false
	end)
end
for i,v in next, RG:GetDescendants() do
	pcall(function()
		v.Anchored = false
	end)
end
for i,v in next, Melee:GetDescendants() do
	pcall(function()
		v.Anchored = false
	end)
end

if LG == nil or RG == nil or Melee == nil then
	Character:BreakJoints()
	return
end

LG = LG:Clone()
RG = RG:Clone()
Melee = Melee:Clone()

local LHA, LHI = LG.Handle, LG.Hitbox
local RHA = RG.Handle
local SHA, SHI = Melee.Handle, Melee.Hitbox

local trailTop = Instance.new('Part')
trailTop.CFrame=SHI.CFrame*CFrame.new(0,-SHI.Size.Y/2,0)
trailTop.Size=Vector3.new(1,1,1)
trailTop.Transparency=1
trailTop.Color=Color3.new(1,0,0)
trailTop.Anchored=true

local trailBottom = Instance.new('Part')
trailBottom.CFrame=SHI.CFrame*CFrame.new(0,(SHI.Size.Y/2),0)
trailBottom.Size=Vector3.new(1,1,1)
trailBottom.Transparency=1
trailBottom.Color=Color3.new(0,1,0)
trailBottom.Anchored=true

trailTop.Parent=Melee
trailBottom.Parent=Melee

local TrailSettings = {
	Lifetime = .1,
	Transparency = NumberSequence.new(.5,1),
	Texture = 'rbxassetid://31270182',
	Color1 = ColorSequence.new(BrickColor.new'Alder'.Color,Color3.new(1,1,1)),
}

local A0 = Instance.new('Attachment', trailTop)
local A1 = Instance.new('Attachment', trailBottom)

local Trail = Instance.new('Trail', Character)
Trail.Attachment0 = A0
Trail.Attachment1 = A1
Trail.FaceCamera=false
Trail.Transparency = TrailSettings.Transparency
Trail.Texture = TrailSettings.Texture
Trail.Color = TrailSettings.Color1
Trail.Lifetime = TrailSettings.Lifetime

Join(LHA, LG)
Join(RHA, RG)
Join(SHA, Melee)
Join(SHA, Melee.Rune)

local MeshEffects = script.Effects
MeshEffects.Parent = nil

for Index, Array in next, Welds do
	Array[1].Parent = Array[2]
end

local Set = {
	['Really black'] = {Color = Color3.new(0, 0, 0), Material = 'Grass'};
	Others = {}--Color = Color3.new(0, 0, 0), Material = 'SmoothPlastic'};
};

local Exceptions = {};

for Index, Object in next, Parts do
	local Pardoned = false
	for Index, Model in next, Exceptions do
		if Object.Parent == Model then
			Pardoned = true
		end
	end
	if Object:IsA('BasePart') and not Pardoned then
		Object.Anchored, Object.Locked, Object.CanCollide = false, true, false
		if Object.ClassName:find('UnionOperation') then
			Object.UsePartColor = true
		end
		local WasSet = false
		for Look, Data in next, Set do
			if tostring(Object.BrickColor) == Look then
				WasSet = true
				for Index, Value in next, Data do
					pcall(function()
						Object[Index] = Value
					end)
				end
			end
		end
		if not WasSet then
			for Index, Value in next, Set.Others do
				pcall(function()
					Object[Index] = Value
				end)
			end
		end
	end
end

--// Welds

local llw = Weld(Left_Leg, Torso, cf(.5,2,0))
local rlw = Weld(Right_Leg, Torso, cf(-.5,2,0))
local raw = Weld(Right_Arm, Torso, cf(-1.5,0,0))
local law = Weld(Left_Arm, Torso, cf(1.5,0,0))
local torw = Weld(Torso, HumanoidRootPart, cf(0,0,0))
local hedw = Weld(Head, Torso, cf(0,-1.5,0))
local lhw = Weld(Left_Arm, LHA, cf(0,0,0))
local rhw = Weld(Right_Arm, RHA, cf(0,0,0)*ang(0,0,0))
local shw = Weld(Right_Arm, SHA, cf(0,-1,0)*ang(0,-rad(90),-rad(90)))

--[[ State Example: Arms Out
	raw.C0 = clerp(raw.C0, cf(0,.5,-.5)*ang(rad(90),0,0),.1)
	law.C0 = clerp(law.C0, cf(0,.5,-.5)*ang(rad(90),0,0),.1)
--]]

local keyz={};
local Used = {
	Executed={};
	Failed={};
};

local BindKey = function(Name, Key, Function)
	local keydown
	keyz[Key:upper()]=Name
	keydown = mouse.KeyDown:connect(function(key)
		if Key:lower() == key:lower() then
			local detect=dkd
			if dkd then
				table.insert(Used.Failed, {Name, Key, Function})        
			elseif not dkd and Walking then
				if NotifyKeyPresses then
					warn('executed('..Name..', "'..tostring(Key:upper())..'")')
				end
				Function(Name, Key)
				if NotifyKeyPresses then
					warn('ended('..Name..')')
				end
				table.insert(Used.Executed, {Name, Key, Function})
			elseif Walking then
				warn('You must Walking enabled to use this key')
			end
		end
	end)
end

local pitches = {}
for i = -.1,.1,.01 do table.insert(pitches,1.5+i) end

--[[

BindKey('Attack Name', 'Key{Not case sensative}', function(AttackName, Key)
	ds,dkd = true,true
	for i = 0,1,.05 do
		local animspd = .1
		local Right_Arm_ = cf(0,0,0)
		local Left_Arm_ = cf(0,0,0)
		local Right_Leg_ = cf(0,0,0)
		local Left_Leg_ = cf(0,0,0)
		local Head_ = cf(0,0,0)
		local Torso_ = cf(0,0,0)
		
		torw.C0 = clerp(torw.C0, cf(0,0,0)*Torso_*ang(0,0,0),animspd)
		hedw.C0 = clerp(hedw.C0, cf(0,0,0)*Head_*ang(0,0,0),animspd)
		law.C0 = clerp(law.C0, cf(0,0,0)*Left_Arm_*ang(0,0,0),animspd)
		raw.C0 = clerp(raw.C0, cf(0,0,0)*Right_Arm_*ang(0,0,0),animspd)
		rlw.C0 = clerp(rlw.C0, cf(0,0,0)*Right_Leg_*ang(0,0,0),animspd)
		llw.C0 = clerp(llw.C0, cf(0,0,0)*Left_Leg_*ang(0,0,0),animspd)
		lrs:wait()
		lrs:wait()
	end
	for i = 0,1,.05 do
		local animspd = .1
		local Right_Arm_ = cf(0,0,0)
		local Left_Arm_ = cf(0,0,0)
		local Right_Leg_ = cf(0,0,0)
		local Left_Leg_ = cf(0,0,0)
		local Head_ = cf(0,0,0)
		local Torso_ = cf(0,0,0)
		
		torw.C0 = clerp(torw.C0, cf(0,0,0)*Torso_*ang(0,0,0),animspd)
		hedw.C0 = clerp(hedw.C0, cf(0,0,0)*Head_*ang(0,0,0),animspd)
		law.C0 = clerp(law.C0, cf(0,0,0)*Left_Arm_*ang(0,0,0),animspd)
		raw.C0 = clerp(raw.C0, cf(0,0,0)*Right_Arm_*ang(0,0,0),animspd)
		rlw.C0 = clerp(rlw.C0, cf(0,0,0)*Right_Leg_*ang(0,0,0),animspd)
		llw.C0 = clerp(llw.C0, cf(0,0,0)*Left_Leg_*ang(0,0,0),animspd)
		lrs:wait()
	end
	ds,dkd = false,false
end)

--]]

function rainb(hue)
    local section = hue % 1 * 3
    local secondary = 0.5 * math.pi * (section % 1)
    if section < 1 then
        return c3(1, 1 - cos(secondary), 1 - sin(secondary))
    elseif section < 2 then
		return c3(1 - sin(secondary), 1, 1 - cos(secondary))
    else
        return c3(1 - cos(secondary), 1 - sin(secondary), 1)
    end
end

function showDmg(To, From, Txt, Others)
	local bc,c3=BrickColor.new,Color3.new
	local vec3,cf=Vector3.new,CFrame.new
	local rand=math.random
	local n = 2
	local lrs=game:service'RunService'.Stepped
	local Color = 'Pearl'
	local Clr_Raw = Color
	if Clr == nil then Clr = 'Pearl' end
	Clr = bc(Color).Color
	local Pert = Instance.new('Part', Character)
	Pert.Size = vec3(.2,.2,.2)
	Pert.Transparency = 1
	Pert.CanCollide = false
	Pert.Anchored = true
	Pert.CFrame = To:FindFirstChild'Head'.CFrame * cf(rand(-n,n),n,rand(-n,n))
	Pert.BrickColor = bc('Black')
	local Rod = nil
	if (Others.Rod ~= nil and Others.Rod == true) then
		Rod = Instance.new('Part', Character)
		local to,from = Pert.CFrame.p, From:WaitForChild'HumanoidRootPart'.CFrame.p
		local dist = (to-from).magnitude
		Rod.Size = vec3(.2,.2,dist)
		Instance.new('BlockMesh',Rod).Scale=vec3(.1,.1,1)
		Rod.CFrame = cf(to,from)*cf(0,0,-dist/2)
		Rod.Transparency = .5 or Rod.RodTrans
		Rod.CanCollide = false
		Rod.Anchored = true
		Rod.BrickColor = bc(Clr_Raw)
	end
	local Gui = Instance.new('BillboardGui',Pert)
	Gui.Adornee = Pert
	local n2 = 10
	Gui.Size = UDim2.new(n2,0,n2,0)
	local TextL = Instance.new('TextLabel', Gui)
	local r,g,b = Clr.r,Clr.g,Clr.b
	local clr = c3(r,g,b)
	TextL.BackgroundTransparency = 1
	TextL.Font = 'SciFi'
	TextL.Size = UDim2.new(1,0,1,0)
	TextL.TextTransparency = .1
	TextL.TextStrokeTransparency = .2
	TextL.TextStrokeColor3 = clr
	TextL.Position = UDim2.new(0,0,0,0)
	Txt=tostring(Txt):upper()
	if string.find(Txt:lower(),'critical') or (Others.Crit ~= nil and Others.Crit == true)then
		Txt='(CRITICAL) // '..Txt
	end
	TextL.Text=Txt
	TextL.TextScaled = false
	TextL.FontSize = 'Size18'
	TextL.TextColor3 = Color3.new(1,1,1)
	local sp = Pert.CFrame*cf(rand(n,n*2),rand(n,n*2),rand(n,n*2)) --Pert.CFrame * cf(rand(-n,n),n,rand(-n,n))
	delay(.1,function()
		repeat lrs:wait()
			TextL.TextTransparency=TextL.TextTransparency+.005
			TextL.TextStrokeTransparency=TextL.TextStrokeTransparency+.005
			if Rod ~= nil then
				Rod.Transparency = Rod.Transparency + .0025
			end
			Pert.CFrame = Pert.CFrame:lerp(sp,.01)
			clr = c3(r,g,b)
			if Rod ~= nil then
				local to,from = Pert.CFrame.p, From:WaitForChild'HumanoidRootPart'.CFrame.p
				local dist = (to-from).magnitude
				Rod.Size = vec3(.2,.2,dist)
				Rod.CFrame = cf(to,from)*cf(0,0,-dist/2)
			end
			--TextL.TextColor3 = clr
		until TextL.TextTransparency>=1
		Pert:Destroy()
		if Rod ~= nil then
			Rod:Destroy()
		end
	end)
end

--// Example // showDmg(workspace.SavageMunkey, workspace.Base, 'Damage Dealt'..math.random(0,100), {Rod=false,RodTrans=0,Crit=false})

function CheckIfLanded()
	local Ray = Ray.new(root.Position,vec3(0,-1,0)*3.5)
	local Ignore = {Char}
	local Hit,Pos,SurfaceNorm = workspace:FindPartOnRayWithIgnoreList(Ray,Ignore)
	if Hit == nil then return false,nil end
	return true, Hit
end;

function FindNearestTorso(Position, Distance, SinglePlayer)
    if SinglePlayer then return(SinglePlayer.Torso.CFrame.p -Position).magnitude < Distance end
        local List = {}
        for i,v in pairs(workspace:GetChildren())do
            if v:IsA("Model")then
                if v:findFirstChild("Torso")then
                    if v ~= Char then
                        if(v.Torso.Position -Position).magnitude <= Distance then
                            table.insert(List,v)
                        end 
                    end 
                end 
            end 
        end
    return List
end

local function ExpellWithForce(Origin, Radius, Force, OnHit, Break, Ignore)
	Origin = Origin or Vector3.zero
	Origin = typeof(Origin) == 'Vector3' and Origin or Origin.p
	Ignore = Ignore or {};
	Ignore = typeof(Ignore) == 'table' and Ignore or {};
	Radius = Radius or 5
	Force = Force or 50
	if Break == nil then
		Break = true
	end
	OnHit = OnHit or function(Part, Distance) 
		--// oof
	end
	
	local SearchRegion = Region3.new(Origin - Vector3.new(Radius, Radius, Radius),Origin + Vector3.new(Radius, Radius, Radius))
	local Parts = workspace:FindPartsInRegion3WithIgnoreList(SearchRegion, Ignore, 100)
	
	for Index, Part in next, Parts do
		spawn(function()
			OnHit(Part, (Origin - Part.Position).magnitude)
		end)
		if not Part.Anchored then
			if Break then
				Part:BreakJoints()
			end
			local Direction = CFrame.new(Origin, Part.Position).lookVector * Force
			local Propell = Instance.new('BodyVelocity')
			Propell.Velocity = Direction
			Propell.Parent = Part
			game:GetService("Debris"):AddItem(Propell, .1)
		end
	end
end

function NewFXBox(name,prnt)
	if prnt == nil then
		prnt = Character
	end
	local FXBox = Instance.new('Model', prnt)
	FXBox.Name = 'FXBox'
	if name then
		FXBox.Name = name
	end
	local Count = 0
	local Check
	Check = FXBox.ChildAdded:connect(function(Object)
		if Object:IsA'BasePart' then
			FXBox.PrimaryPart = Object
			Check:disconnect()
		end
	end)
	return FXBox
end

function ReSurface(Part, Integer)
	if Part ~= nil and Part:IsA'BasePart' then
		Part.TopSurface = Integer
		Part.BottomSurface = Integer
		Part.LeftSurface = Integer
		Part.RightSurface = Integer
		Part.FrontSurface = Integer
		Part.BackSurface = Integer
	end
end

function ni(name,prnt)
	return Instance.new(tostring(name),prnt)
end

local FX = NewFXBox('FXBox', Character)
function NewObject(Type, prnt, others)
	if not prnt then prnt = workspace end
	local New = ni(Type)
	if New:IsA'BasePart' then
		ReSurface(New,10)
		New.Anchored = true
		New.Size = vec3(1,1,1)
		New.CanCollide = false
	end
	for i,v in next, others do
		local suc,err = pcall(function()
			New[i] = v
		end)
		if not suc then
			print(err)
		end
	end
	New.Parent = prnt
	return New
end

function NewPart(prnt)
	return NewObject('Part', prnt, {Anchored = true, Size = Vector3.new(1,1,1), CanCollide = false, CFrame = prnt:IsA'BasePart' and prnt.CFrame or CFrame.new(0,1,0)})
end

function OnHumanoidFind(Detector, Offset, Function, Range, Multi) --// R15 Support
    spawn(function()
        if not Multi then Multi = false end
        local PlayerModels={};
        local SearchAndStuff
        local First = true
        SearchAndStuff=function(Parent)
            for Index, Obj in next, Parent:children() do
                if Obj:IsA'Model' and Obj:FindFirstChild'Humanoid' then
                    if Obj:FindFirstChild'HumanoidRootPart' and (Obj.HumanoidRootPart.CFrame.p-(Detector.CFrame*Offset).p).magnitude <= Range and Obj~=char then
                        --print'derp'
                        table.insert(PlayerModels, Obj)
                        if First then
                            if not Multi then
                                First = false
                            end
                            pcall(function()
                                Obj.Health.Disabled = true
                            end)
                            spawn(function()
                                Function(Obj:WaitForChild'HumanoidRootPart', Obj:WaitForChild'Humanoid', Obj)
                            end)
                        end
                    end
                end
                SearchAndStuff(Obj)
            end
        end
        SearchAndStuff(workspace)
        return PlayerModels
    end)
end

function debri(item,time)
	return game:service'Debris':AddItem(item,time)
end

local effects={MagicCircles={};};
local trans={};
local grows={}

function effects:MagicCircle(waitt, id, Offset,clr,sz)
	sz=sz or 4.5
	local mcPart=NewObject('Part', FX,{Transparency=1,Size=vec3(sz,sz,.2)})
	debri(mcPart, 40)
	clr=clr or 'Pearl'
	local mesh=NewObject('BlockMesh',mcPart,{Scale=vec3(1,1,0)})
	local backDecal=NewObject('Decal',mcPart,{Color3=bc(clr).Color,Face='Back',Texture=rbx..id})
	local frontDecal=NewObject('Decal',mcPart,{Color3=bc(clr).Color,Face='Front',Texture=rbx..id})
	local r=rand()
	local dir=5
	if r>.5 then dir=-5 end
	spawn(function()
		repeat lwait() until frontDecal.Parent==nil mcPart:Destroy()
	end)
	table.insert(effects.MagicCircles, {mcPart,backDecal,frontDecal,dir})
	mcPart.CFrame = Offset
	delay(waitt,function() trans[backDecal]={.05,1} trans[frontDecal]={.05,1}end)
	return mcPart,frontDecal,backDecal
end

function effects:particle(waitt,mx,num, shape,Offset, clrz,cancollide)
	local sz={};
	if not clrz or #clrz < 1 then
		clrz={'Alder','Pearl'}
	end
	for i = .4,mx,.025 do table.insert(sz,i) end
	local tings={};
	for i = 1,num do
		local val = sz[rand(1,#sz)]
		local part=NewObject('Part', FX,{Material='Neon', CanCollide=cancollide,Shape=shape, Transparency=.6,Size=vec3(val,val,val),Color = bc(clrz[rand(1,#clrz)]).Color, CFrame = Offset*ang(rad(rand(-360,360)),rad(rand(-360,360)),rad(rand(-360,360)))})
		tings[i]=part
		delay(waitt,function() trans[part]={.05,1} end)
	end
	return tings
end

function effects:Debris(cancollide, radius, mx, num, pos, waitt,velocitymax)
	local Ray = Ray.new(pos+vec3(0,1,0),vec3(0,-1,0)*5)
	local Ignore = {FX,Character}
	local Hit, Pos, SurfaceNorm = workspace:FindPartOnRayWithIgnoreList(Ray,Ignore)
	local tings={};
	if Hit then
		local sz={};
		for i = .2,mx,.025 do table.insert(sz,i) end
		for i = 1,num do
			local val = sz[rand(1,#sz)]
			local y = 45
			if not cancollide then y = 65 end
			local top,bottom=velocitymax[1],velocitymax[2]
			local x,z=rand(bottom,top),rand(bottom,top)
			local part=NewObject('Part', FX,{Anchored=false, Velocity = vec3(rand(-x,x),y,rand(-z,z)), Material=Hit.Material, CanCollide=cancollide, Transparency=Hit.Transparency,Size=vec3(val,val,val),Color = Hit.Color, CFrame = cf(pos)*cf(rand(-radius,radius),0,rand(-radius,radius))*ang(rad(rand(-360,360)),rad(rand(-360,360)),rad(rand(-360,360)))})
			tings[i]=part
			if cancollide then
				delay(waitt,function() trans[part]={.05,1} end)
			end
		end
		return tings
	else
		--// Derp
	end
end

function effects:Crown(waitt, origin, sz, height,clr, others,ut)
	local props={CanCollide=false,Anchored=true,Size=vec3(sz,height,sz),Color = bc(clr).Color, CFrame = origin*ang(0,rad(rand(-360,360)),0)}
	for i,v in next, others do
		props[i]=v
	end
	local cr=MeshEffects.Crown:Clone()
	for i,v in next, props do
		if tostring(i)~='Parent' then
			pcall(function() cr[i]=v end)
		end
	end
	cr.Parent=FX
	delay(waitt,function() trans[cr]={ut,1} end)
	return cr
end

function effects:Ring(waitt, origin, sz, height,clr, slim, others,ut)
	local props={CanCollide=false,Anchored=true,Size=vec3(sz,height,sz),Color = bc(clr).Color, CFrame = origin*ang(0,rad(rand(-360,360)),0)}
	slim = slim or false
	others = others or {};
	for i,v in next, others do
		props[i]=v
	end
	local cr=MeshEffects[slim and 'Ring' or 'Donut']:Clone()
	for i,v in next, props do
		if tostring(i)~='Parent' then
			pcall(function() cr[i]=v end)
		end
	end
	cr.Parent=FX
	delay(waitt,function() trans[cr]={ut,1} end)
	return cr
end

function effects:BlastRad(cancollide, radius, num, mx, pos, waitt)
	local Ray = Ray.new(pos+vec3(0,1,0),vec3(0,-1,0)*5)
	local Ignore = {FX,Character}
	local Hit, Pos, SurfaceNorm = workspace:FindPartOnRayWithIgnoreList(Ray,Ignore)
	local tings={};
	local org=mx/4
	mx=mx
	if Hit then
		local sz={};
		for i = .2,num,.025 do table.insert(sz,i) end
		for i = 1,360,mx do
			local val = sz[rand(1,#sz)]
			local function rr()
				local vlz={}
				for i = .45,1,.025 do table.insert(vlz,i) end
				return vlz[rand(1,#vlz)]
			end
			local part=NewObject('Part', FX,{Material=Hit.Material, CanCollide=cancollide, Transparency=Hit.Transparency,Size=vec3(val/rr(),val/rr(),val/rr()),Color = Hit.Color, CFrame = cf(pos) * ang(0,rad(i),0)*cf(radius,(Hit.CFrame.Y+(Hit.Size.Y/2))-val,0)*ang(rad(rand(-360,360)),rad(rand(-360,360)),rad(rand(-360,360)))})
			tings[i]=part
			if cancollide then
				delay(waitt,function() trans[part]={.05,1} end)
			end
		end
		return tings
	else
		--// Derp
	end
end

--[[ examples
	effects:BlastRad(true, 15, 2, 18, pos, .5)
	
	effects:Debris(true, 2.5, 2, rand(10,20), pos, .5,{50,25})
	
	effects:MagicCircle(.15,124339738, cf(0,-1.5,0))
	
	effects:Particle(.5,1.2,rand(2,5),'Ball',cf(0,-1.5,0),{'Pearl','Pearl'})
--]]

function SetSwordTransparency(Transparency, Speed)
	Speed = Speed or .5
	for Index, Obj in next, Parts do
		if Obj:IsDescendantOf(Melee) and Obj ~= SHA and Obj ~= trailTop and Obj ~= trailBottom then
			Tween(Obj, Speed, Enum.EasingStyle.Linear, Enum.EasingDirection.Out, {Transparency = Transparency})
		end
	end
	lwait(Speed)
end

function FadeSword(Type)
	if Type == 'Out' then
		snd(588738712,root,true)
		SetSwordTransparency(1, .5)
	elseif Type == 'In' then
		snd(588733880,root,true)
		SetSwordTransparency(0, .5)
	end
	if Type == 'In' or Type == 'Out' then
		--// asd
	else
		warn('Invalid Tween Type')
	end
end

local function CalculateArc(Smoothness, From, To)
	local PeakFactor = 5
	local Peak, To = (From - To).magnitude / PeakFactor, To - Vector3.new(0, From.Y, 0)
	local Algorithm = math.abs(2 * (Peak * 2 - From.Y + To.Y))
	local Fraction, Last, Return = (1 / (Peak * PeakFactor)) / Smoothness, From, {};
	for Integer = 0, 1, Fraction do
		local New = CFrame.new(From:lerp(To, Integer) + Vector3.new(0, -Algorithm * Integer ^ 2 + Algorithm * Integer + From.Y, 0))
		Return[#Return + 1] = New.p
	end
	return Return
end

local function DisplayArc(Arc)
	local Storage, Last = Instance.new('Folder', Character), Arc[1]
	for Index, Point in next, Arc do
		if Index > 1 then
			local Part = Instance.new('Part')
			Part.Anchored = true
			Part.Material = 'Plastic'
			Part.BrickColor = BrickColor.new('Buttermilk')
			Part.TopSurface, Part.BottomSurface = 0, 0
			Part.CanCollide = false
			local Distance = (Last - Point).magnitude
			Part.Size = Vector3.new(.15, .15, Distance)
			Part.CFrame = CFrame.new(Point, Last) * CFrame.new(0, 0, -Distance / 2)
			Part.Parent = Storage
		end
		Last = Point
	end
	return Storage
end 

local function TweenC0(Obj, C0, Style, Direction, Time)
	local S = type(Style) == 'string' and Enum.EasingStyle[Style] or Style
	local D = type(Direction) == 'string' and Enum.EasingDirection[Direction] or Direction
	return Tween(Obj, Time, S, D, {C0 = C0})
end

local function TweenJoints(Array)
	local Style, Direction, Time = Array.Style, Array.Direction, Array.Time
	TweenC0(torw, CFrame.new(0,0,0) * Array.Torso_ * CFrame.Angles(0,0,0), Enum.EasingStyle[Style], Enum.EasingDirection[Direction], Time)
	TweenC0(hedw, CFrame.new(0,0,0) * Array.Head_ * CFrame.Angles(0,0,0), Enum.EasingStyle[Style], Enum.EasingDirection[Direction], Time)
	TweenC0(law, CFrame.new(0,0,0) * Array.Left_Arm_ * CFrame.Angles(0,0,0), Enum.EasingStyle[Style], Enum.EasingDirection[Direction], Time)
	TweenC0(raw, CFrame.new(0,0,0) * Array.Right_Arm_ * CFrame.Angles(0,0,0), Enum.EasingStyle[Style], Enum.EasingDirection[Direction], Time)
	TweenC0(rlw, CFrame.new(0,0,0) * Array.Right_Leg_ * CFrame.Angles(0,0,0), Enum.EasingStyle[Style], Enum.EasingDirection[Direction], Time)
	TweenC0(llw, CFrame.new(0,0,0) * Array.Left_Leg_ * CFrame.Angles(0,0,0), Enum.EasingStyle[Style], Enum.EasingDirection[Direction], Time)
	lwait(Time)
end

BindKey('Shatter', 'g', function()
	local actual,floor = CheckIfLanded(5)
	if floor ~= nil then
		dkd,ds = true,true
		walkspd=0
		spawn(function()
			FadeSword'Out'
		end)
		spawn(function()
			TweenJoints{
				Style = 'Quad',
				Direction = 'InOut',
				Time = 2,
				Right_Arm_ = CFrame.new(0.465010166, -0.439316332, -0.871765137, 0.747874916, -0.654143095, 0.1130483, 0.493739158, 0.434284091, -0.753404915, 0.443739593, 0.619269013, 0.647766173),
				Left_Arm_ = CFrame.new(-0.170354724, -0.342900693, -0.237001896, 0.933956206, 0.284371793, 0.216468185, -0.290408731, 0.95689404, -0.00408667326, -0.208299309, -0.0590473711, 0.976281226),
				Right_Leg_ = CFrame.new(5.82933426e-05, -0.162627101, -0.864352643, 0.99999994, 5.28991222e-07, 8.41915607e-07, -7.22706318e-07, 0.963203788, 0.268772095, -6.85453415e-07, -0.268772036, 0.963203907),
				Left_Leg_ = CFrame.new(0.0951830149, 0.54995501, -0.323918521, 0.984639764, 0.100627825, 0.142683357, -0.0181532614, 0.871783793, -0.489554465, -0.173651829, 0.479444683, 0.860219717),
				Head_ = CFrame.new(-0.0422370695, 0.00290894508, -0.0818053484, 0.984639764, 0.0281961933, 0.172306329, -0.0181532614, 0.99805814, -0.0595857799, -0.173651829, 0.0555427074, 0.983239532),
				Torso_ = CFrame.new(0.0194549561, -0.49135685, -0.340732574, 0.984639764, -0.0181533415, -0.173651904, 0.131810531, 0.729528904, 0.671128631, 0.114500739, -0.683708429, 0.720715284),
			}
		end)
		local s2=snd(588697034,root)
		s2.Pitch=1
		s2:Play()
		for i = 1,3 do
			lwait(.4)
			local s = snd(588738949, root)
			s.Pitch=1+(i/3)
			s:Play()
			effects:MagicCircle(2, 124339738, Right_Arm.CFrame*cf(0,1.25+i,0)*ang(rad(90),0,0),'Alder',.4+(i*2))
		end
		lwait(1)
		local pe=effects:particle(.5,1.2,rand(2,5),'Cylinder',Right_Arm.CFrame*cf(0,1.25,0),{'Alder','Pearl'})
		for i,v in next, pe do
			v.Material='Neon'
			v.Transparency=.5
		end
		TweenJoints{
			Style = 'Bounce',
			Direction = 'Out',
			Time = .1,
			Right_Arm_ = CFrame.new(-0.0323668718, -0.33607614, -1.25630379, 0.91932112, -0.32731083, 0.218440875, 0.34712559, 0.413077384, -0.841944814, 0.185344651, 0.849843979, 0.493368685),
			Left_Arm_ = CFrame.new(-0.209303617, -0.521940768, 0.209407374, 0.936596692, 0.341231942, 0.0796716437, -0.350254416, 0.904899955, 0.24182263, 0.0104227364, -0.254395574, 0.967044115),
			Right_Leg_ = CFrame.new(-0.144759536, -0.00181019306, -0.561343014, 0.955083072, -0.217188269, -0.201608062, 0.221891105, 0.975071311, 0.000745773315, 0.196420282, -0.0454473495, 0.979466081),
			Left_Leg_ = CFrame.new(-0.314982504, 0.547448993, 0.130197883, 0.968778491, -0.198621765, 0.148383692, 0.246814638, 0.715970933, -0.653045356, 0.0234706104, 0.669279575, 0.742639899),
			Head_ = CFrame.new(0.181634739, 0.0164057016, -0.124970227, 0.991457701, -0.121056765, 0.0485501736, 0.124629587, 0.989057779, -0.0789446831, -0.0384620987, 0.0843212008, 0.995696187),
			Torso_ = CFrame.new(0.35552597, -0.773739338, -0.511285782, 0.919321179, 0.34712553, 0.185344562, -0.344054341, 0.480445355, 0.806721151, 0.190985352, -0.80540365, 0.561113119),
		}
		Tween(s2, .1, Enum.EasingStyle.Linear, Enum.EasingDirection.InOut, {Volume=0,Pitch=0})
		lwait(.08)
		OnHumanoidFind(root, cf(0,0,0), function(proot,phum,body)
			local dmg = math.random(20,35)
			phum.Health = phum.Health - dmg
			showDmg(body, Character,  dmg, {Rod=true,RodTrans=0,Crit=math.random()>.85})
			phum.PlatformStand=proot:GetMass()<4 and true or false
			delay(1,function()
				phum.PlatformStand=false
			end)
		end, 15, true)
		ExpellWithForce(Right_Arm.CFrame*cf(0,-.5,0), 15, math.random(30,80), function(Part, Distance)
		end, false, {workspace:FindFirstChild'Base', Character})
		local cr=effects:Crown(.5, cf((Right_Arm.CFrame*cf(0,-.5,0)).p), 10, 1, tostring(floor.BrickColor),{Material=floor.Material},.2)
		local cr2=effects:Ring(0, cf((Right_Arm.CFrame*cf(0,-.5,0)).p), 10, 2, tostring(floor.BrickColor),false,{Material=floor.Material},.15)
		table.insert(grows,{{cr},vec3(4,0,4)*4,ang(0,rad(10),0)})
		table.insert(grows,{{cr2},vec3(2,0,2)*4,ang(0,0,0)})
		s2:Destroy()
		snd(610359590,root,true)
		snd(610359515,root,true)
		snd(471882019,root,true)
		snd(284228088,root,true)
		effects:Debris(true, 2.5, 2, rand(10,20), (Right_Arm.CFrame*CFrame.new(0,-1,0)).p, .5,{50,25})
		effects:BlastRad(true, 10, 4, 6, (Right_Arm.CFrame*cf(0,-1,0)).p, .5)
		lwait(.2)
		dkd,ds = false,false
		FadeSword'In'
	end
end)

local canmine=true
BindKey('Mine', 'x', function(an,key)
	if canmine then
		canmine=false
		ds,dkd = true,true
		walkspd=0
		TweenJoints{
			Style = 'Quint',
			Direction = 'In',
			Time = .1,
			Right_Arm_ = CFrame.new(0.206053138, -0.214844942, 4.48524952e-06, 0.950437307, -0.310916245, 3.57627869e-07, 0.310916275, 0.950437307, 4.52626892e-07, -4.47034836e-07, -3.27825546e-07, 0.99999994),
			Left_Arm_ = CFrame.new(-0.450706005, 0.440005541, -1.68257201, 0.674415231, 0.738352239, -3.22744e-08, 0, -4.37113883e-08, -1, -0.738352239, 0.674415231, -2.94796259e-08),
			Right_Leg_ = CFrame.new(4.7981739e-06, 1.08480453e-05, 3.81469727e-06, 0.99999994, 0, 0, 0, 1, 0, 0, 0, 0.99999994),
			Left_Leg_ = CFrame.new(-0.280058563, -0.0610874891, -0.665026188, 0.889047265, -0.112292051, 0.443835318, 4.33083471e-07, 0.969455719, 0.245275185, -0.457815409, -0.218061626, 0.861891985),
			Head_ = CFrame.new(0, -6.10351563e-05, 0, 0.560465097, 0, 0.828179061, 0, 1, 0, -0.828179061, 0, 0.560465097),
			Torso_ = CFrame.new(-1.1920929e-06, 0, 2.86102295e-06, 0.674415231, 0, -0.738352239, 0, 1, 0, 0.738352239, 0, 0.674415231),
		}

		for i=0,1,.1 do
			FacePos(old)
			lrs:wait()
		end

		lwait(.2)
		for i=0,1,.1 do
			FacePos(old)
		end

		local bl=NewPart(Character)
		bl.Color=c3(0,0,0)
		bl.Size=Vector3.new(2,2,2)
		bl.CFrame=larm.CFrame*cf(0,-1.5,0)
		bl.Shape='Ball'
		bl.Material='Neon'
		bl.Transparency=.001
		local active=true
		spawn(function()
			game:GetService("Debris"):AddItem(bl,25)
			delay(24,function()
				active=false
				local c=bl.CFrame
				bl.CanCollide=false
				Tween(bl,1,Enum.EasingStyle.Back,Enum.EasingDirection.In,{Size=Vector3.new(.05,.05,.05),CFrame=c,Transparency=1})
			end)
			local tic=0
			local ontouch
			ontouch=bl.Touched:connect(function(Hit)
				if not Hit:IsDescendantOf(Character) then
					bl.CanCollide=true
					OnHumanoidFind(bl, cf(0,0,0), function(proot,phum,body)
						local dmg = math.random(15,30)
						phum.Health = phum.Health - dmg
						hum.Health=hum.Health+15
						showDmg(body, Character,  'LIFE STEAL '..dmg, {Rod=true,RodTrans=0,Crit=false})
					end, 8, true)
					snd(144699494,root,true)
					snd(260433487,root,true)
					local neww=bl:Clone()
					neww.Color=c3(0,0,0)
					local c=bl.CFrame
					bl:Destroy()
					neww.Parent=Character
					effects:particle(.5,7,rand(2,5),'Cylinder',c,{'Pearl','Alder'})
					for i = 0,8,.45 do
						neww.Transparency=neww.Transparency+.056274620146314
						neww.Size=neww.Size:lerp(Vector3.new(2+i,2+i,2+i),.2)
						neww.CFrame=c
						lrs:wait()
					end
					neww:Destroy()
					ontouch:disconnect()
					neww.CFrame=c
				end
			end)
			while lwait(.2) and bl and active do
				if bl.Parent~=nil then
					tic=tic+.1
					if tic > .65 then
						snd(171137312,bl,true)
						OnHumanoidFind(bl, cf(0,0,0), function(proot,phum,body)
							local took=math.random(5,20)
							phum.Health = phum.Health - took
							--hum.Health=hum.Health+took
							showDmg(body, Character,  took, {Rod=true,RodTrans=0,Crit=false})
						end, 6, true)
						local cr=effects:Crown(.1, cf(bl.Position)*cf(0,-3,0), 1, .25, 'Pearl',{Material='Neon'},.05)
						local cr2=effects:Ring(.1, cf(bl.Position)*cf(0,-3.5,0), 2, .1, 'Pearl',true,{Material='Neon'},.05)
						table.insert(grows,{{cr,cr2},vec3(.05,.005,.05)*3,ang(0,rad(1),0)})
						tic=0
						local neww=bl:Clone()
						neww.Color=c3(1,1,1)
						neww.Parent=Character
						local c=bl.CFrame
						spawn(function()
							for i = 0,3,.1 do
								neww.Transparency=neww.Transparency+.0333
								neww.Size=neww.Size:lerp(Vector3.new(2+i,2+i,2+i),.2)
								neww.CFrame=c
								lrs:wait()
							end
							neww:Destroy()
						end)
					end
				end
			end
			ontouch:disconnect()
		end)
		
		snd(171137312,root,true)
		snd(187747824,root,true)

		spawn(function()
			TweenJoints{
				Style = 'Back',
				Direction = 'Out',
				Time = .1,
				Right_Arm_ = CFrame.new(0.206047893, -0.21484524, 5.28991222e-06, 0.950437486, -0.310916156, 9.23871994e-07, 0.310916156, 0.950437367, 3.18055783e-07, -9.83476639e-07, -1.49011612e-08, 1.00000024), 
				Left_Arm_ = CFrame.new(0.333840013, 0.20000568, -0.701913893, 0.985808611, 0.140995234, 0.0911340564, -6.04101302e-08, 0.542838275, -0.839838743, -0.167884231, 0.827917576, 0.535135746),
				Right_Leg_ = CFrame.new(0.406761706, 0.198160172, -0.827177048, 0.861753821, 0.0901806355, -0.499247611, 0, 0.984074771, 0.177756459, 0.507326901, -0.153182313, 0.84803021),
				Left_Leg_ = CFrame.new(0.428323984, -0.535795689, -1.22677946, 0.797612667, 0.302806526, 0.521652818, -0.546524048, 0.728732705, 0.41263321, -0.255197555, -0.614223242, 0.74672997),
				Head_ = CFrame.new(0.106018938, 0.00909304619, 0.160875916, 0.97453934, -0.0714026541, -0.212544471, 0.0874781013, 0.993896961, 0.0672045946, 0.206448734, -0.0840865001, 0.97483778),
				Torso_ = CFrame.new(-0.0166940689, -0.179999828, -0.0304899216, 0.861753821, 0, 0.507326901, 0, 1, 0, -0.507326901, 0, 0.861753821),
			}
		end)
		local bv=Instance.new('BodyVelocity',root)
		bv.MaxForce=vec3(9e9,0,9e9)
		bv.Velocity=Head.CFrame.lookVector*-13
		game:GetService("Debris"):AddItem(bv,.2)
		for i = 0,1,.2 do
			local ptc1 = effects:particle(.1,.5,3,'Block',Left_Leg.CFrame*cf(0,-1,0),{'Really black','Really black', 'Pearl'})
			local ptc2 = effects:particle(.1,.5,3,'Block',Right_Leg.CFrame*cf(0,-1,0),{'Really black','Really black', 'Pearl'})
			local ss=1.6
			table.insert(grows,{{ptc1},vec3(.2,0,.2),ang(rad(10),rad(10),rad(10))})
			table.insert(grows,{{ptc2},vec3(.2,.2,.2),ang(rad(10),rad(10),rad(10))})
			lrs:wait()
		end
		lwait()
		ds,dkd = false,false
		delay(0,function()
			canmine=true
		end)
	end
end)

local clsr=true
BindKey('Incinerate', 'q', function()
	if not clsr then return end
	clsr=false
	ds,dkd = true,true
	walkspd=0
	FadeSword'Out'
	spawn(function()
		TweenJoints{
			Style = 'Quint',
			Direction = 'Out',
			Time = .45,
			Right_Arm_ = CFrame.new(-0.231867522, 0.277298152, 0.793980241, 0.274041951, 0.959314048, -0.0679790825, 0.0029127209, -0.071512714, -0.997437716, -0.961713552, 0.273141831, -0.0223916993),
			Left_Arm_ = CFrame.new(-0.503219903, 0.412600666, -1.63814199, 0.586037755, 0.81028372, -3.54186263e-08, 0.00245406968, -0.00177494972, -0.99999547, -0.810280085, 0.586035132, -0.00302868057),
			Right_Leg_ = CFrame.new(-0.1793679, -0.194476008, -1.1458993e-05, 0.983692706, -0.17985943, 2.98023224e-08, 0.179859221, 0.983697474, -7.10133463e-09, -2.98023224e-08, -1.49011612e-08, 1.0000062),
			Left_Leg_ = CFrame.new(0.103276968, -0.0279527903, -0.087505281, 0.983025551, 0.0558601618, 0.174757063, -0.0549976081, 0.998438716, -0.00977835804, -0.17503038, 1.13807619e-06, 0.98456347),
			Head_ = CFrame.new(4.57763672e-05, 3.93390656e-06, -0.00303999148, 0.586037755, 0, 0.81028372, 0.00245406968, 0.99999547, -0.00177490606, -0.810280085, 0.00302865496, 0.586035132),
			Torso_ = CFrame.new(0.368801117, -0.00288367271, 0.00219345093, 0.586037755, 0.00245395955, -0.810280085, -0.00245499588, 0.999996245, 0.00125324936, 0.81027925, 0.00125479547, 0.586041093),
		}
	end)
	for i=0,1,.05 do
		FacePos'mouse'
		lrs:wait()
	end

	local beam = NewPart(Character)
	beam.Parent=nil
	beam.CFrame=Right_Arm.CFrame*cf(0,-1,0)
	beam.Material='Neon'
	beam.BrickColor=bc'Alder'
	Instance.new('CylinderMesh',beam).Scale=Vector3.new(.05,1,.05)
	beam.Parent=Character
	local canfrag=true
	spawn(function()
		while beam.Parent ~= nil and lwait(.25) do
			canfrag=true
		end
	end)
	snd(588734767,root,true,{Pitch=1.25})
	snd(588736245,root,true)
	local hums,bps = {},{};
	local ignore={Character};
	local replace
	for i=0, 2048, 50 do
		FacePos'mouse'
		local StartPos = Left_Arm.CFrame*cf(0,-1,0)
		local Ray = Ray.new(StartPos.p, (StartPos.p - (StartPos * CFrame.new(0, 1, 0)).p).unit * i)
		local Hit, Pos = workspace:FindPartOnRayWithIgnoreList(Ray, ignore)
		local dist = Hit and not Hit:IsDescendantOf(Character) and (Pos-StartPos.p).magnitude or i
		beam.Size=vec3(.85,dist,1)
		beam.CFrame=StartPos*cf(0,-(dist/2),0)
		if Hit then
			local ptc2 = effects:particle(.1,2,1,'Block',cf(Pos),{'Really black',tostring(Hit.BrickColor), 'Pearl'})
			for i,v in next, ptc2 do v.Material='Neon' end
			table.insert(grows,{{ptc2},vec3(1,0,1),ang(rad(10),rad(10),rad(10))})
			if Hit and (Hit.Parent:FindFirstChildOfClass'Humanoid' or Hit.Parent.Parent:FindFirstChildOfClass'Humanoid') and #hums < 5 then
				if Hit:GetMass()<=4 then
